1.00
1.96
3.82
3.88
4.07
4.02
1.12
1.34
4.17
1.73
3.37
1.00
4.69
3.09
4.23
2.90
1.01
4.52
3.97
1.23
3.40
4.69
1.01
1.04
4.08
4.75
3.11
1.04
3.84
3.74
3.54
1.00
3.29
4.97
1.77
4.81
4.36
4.51
4.71
1.01
1.00
1.01
3.22
4.87
1.01
1.08
3.53
4.67
4.75
3.88
1.01
1.79
1.00
2.90
1.01
1.00
1.01
4.60
1.81
1.02
1.95
3.67
3.07
1.57
3.07
1.94
3.33
4.13
1.00
1.00
4.46
2.89
4.46
1.21
3.03
3.09
3.11
3.99
3.44
3.52
1.01
1.72
4.46
2.55
3.94
1.00
3.74
1.00
4.24
2.79
1.68
2.84
1.00
1.14
1.37
1.02
1.48
4.48
3.57
1.00
3.60
2.62
2.92
3.73
1.00
3.93
1.00
3.06
1.02
1.78
3.89
3.83
5.13
3.59
1.00
1.28
3.19
1.96
3.36
4.65
2.39
2.61
2.86
2.58
1.97
1.00
1.82
3.25
4.99
1.65
4.39
3.07
1.93
4.14
1.09
2.88
3.07
3.57
3.78
1.56
1.22
1.06
3.53
1.52
1.01
4.34
1.73
3.46
4.31
4.56
1.05
1.91
4.79
4.75
3.37
4.24
1.02
3.37
4.80
0.99
3.58
4.00
3.41
4.68
2.26
5.05
2.27
1.00
1.09
4.83
3.28
4.26
2.74
1.29
1.00
3.13
1.06
3.33
2.49
1.87
2.15
2.33
1.00
1.32
4.67
1.16
4.64
1.01
1.04
2.80
4.37
1.52
1.00
4.51
1.01
3.68
3.06
4.68
2.69
3.24
2.98
2.07
3.93
1.01
3.85
2.48
1.39
1.00
1.06
1.01
1.87
1.97
3.66
3.28
4.36
2.58
4.03
4.98
4.24
1.68
3.40
1.65
1.00
1.01
1.04
3.65
3.58
1.00
1.00
4.01
1.40
2.00
4.61
1.89
1.00
4.49
1.07
1.00
4.10
1.16
1.59
3.70
3.17
3.87
1.04
1.00
1.00
4.28
1.86
1.35
1.00
1.03
4.25
1.00
4.49
4.39
2.56
1.15
2.50
3.27
5.03
4.89
3.41
4.83
2.57
1.00
1.01
2.66
1.02
0.98
1.00
1.69
1.00
4.88
1.10
3.93
4.93
1.92
1.00
1.01
1.02
4.64
2.52
1.00
1.06
3.30
4.44
1.01
4.21
1.30
2.26
1.14
2.58
1.44
2.35
1.31
2.15
3.84
2.62
4.47
1.01
1.24
1.82
0.99
1.74
2.58
1.01
1.00
1.01
3.12
3.77
4.81
0.99
4.69
1.00
1.79
4.06
1.51
1.48
1.03
1.22
1.85
1.45
0.99
3.45
2.19
1.31
1.00
3.93
1.33
4.72
4.38
2.84
4.91
1.00
3.41
4.80
1.00
4.15
1.00
1.02
3.79
4.39
2.91
1.00
1.00
4.93
1.24
2.69
1.00
2.28
3.11
3.74
1.96
4.59
1.02
3.23
1.00
2.99
1.00
4.48
1.09
1.60
2.50
1.60
3.34
1.00
2.96
3.85
1.63
2.07
4.08
2.42
1.49
4.14
4.13
2.24
1.05
1.98
4.17
4.13
3.15
2.27
2.36
4.33
3.62
4.53
1.00
1.48
1.86
1.74
4.07
3.80
4.87
4.71
1.53
3.20
4.30
4.06
3.05
1.01
1.91
2.05
1.25
4.01
4.41
4.75
1.00
2.23
4.23
4.51
2.72
1.77
2.27
2.92
4.52
4.02
4.14
1.02
1.04
1.02
4.87
2.76
1.03
3.87
1.02
1.01
4.31
1.01
4.44
4.86
4.64
4.68
4.15
4.36
4.11
3.23
1.09
1.30
4.82
1.00
4.48
4.86
1.01
5.07
1.00
4.71
4.56
1.04
3.96
4.09
2.27
1.76
1.11
3.40
3.27
3.00
0.99
2.96
1.19
4.94
3.22
4.30
1.00
2.44
3.79
1.07
4.25
2.27
1.15
1.00
1.11
4.16
1.01
2.57
2.50
3.50
3.95
2.08
1.01
3.36
4.75
4.19
1.00
4.43
3.93
1.04
1.91
3.52
1.42
1.21
1.62
1.01
1.36
3.63
2.46
3.42
5.00
2.26
3.26
3.35
3.52
3.79
2.10
4.48
1.11
3.58
4.01
0.98
4.67
4.25
1.01
1.02
3.88
2.78
1.00
1.00
4.33
2.09
2.42
0.99
1.01
2.22
3.34
4.63
5.18
1.03
4.36
4.89
1.10
4.63
0.98
1.02
3.73
3.44
4.57
2.91
3.03
1.01
3.82
1.04
4.28
4.42
3.87
2.14
2.27
5.00
1.24
1.37
4.59
3.66
1.01
2.45
2.43
4.71
2.42
4.14
3.63
1.01
1.35
1.00
1.13
1.81
2.51
1.00
1.54
4.37
4.48
1.50
4.87
3.35
3.58
4.02
2.60
4.11
3.06
4.59
1.01
3.94
3.21
3.69
4.00
2.04
1.01
2.55
4.39
1.01
1.70
5.41
1.01
2.80
3.38
1.00
4.41
3.21
4.65
4.75
1.05
5.03
1.00
3.60
1.17
2.12
3.14
1.01
3.97
1.91
2.76
2.26
1.09
3.22
4.08
3.80
1.94
2.45
3.30
3.63
3.82
1.00
3.28
1.07
1.01
3.00
3.56
1.87
1.00
1.53
1.02
4.90
1.33
1.08
4.01
3.75
4.02
0.99
4.33
1.00
4.49
3.26
4.22
2.03
3.52
1.00
1.00
3.82
1.87
3.80
3.68
3.60
1.04
3.83
3.63
0.99
3.21
2.61
2.99
3.64
4.23
3.83
4.34
4.37
1.14
2.67
2.81
4.52
4.71
1.96
4.92
3.21
3.38
4.12
1.79
0.96
2.91
3.96
4.06
4.09
2.19
4.87
2.59
1.00
4.20
1.52
1.99
4.38
1.11
2.73
4.69
1.07
4.00
3.95
3.93
4.33
4.01
1.05
1.57
1.71
1.36
1.48
1.50
2.83
3.92
1.01
2.88
3.53
1.60
1.01
4.17
2.24
1.43
1.01
1.01
3.44
4.16
4.22
2.71
1.01
1.43
0.97
4.40
0.99
2.35
0.98
3.32
4.93
1.21
4.48
1.02
1.15
3.86
3.69
4.85
4.76
1.01
0.99
1.04
1.03
1.10
1.13
1.16
3.95
1.28
2.24
2.29
3.16
1.01
2.68
1.03
3.87
1.00
1.22
1.25
1.18
4.39
4.52
4.63
3.13
2.19
1.87
4.32
3.77
1.12
3.97
1.25
3.77
1.94
1.31
4.48
4.16
4.38
4.51
4.75
4.59
3.63
2.15
4.24
3.79
0.99
2.58
1.31
1.63
3.79
2.48
2.77
0.98
4.42
4.52
1.18
1.12
1.04
1.02
2.41
2.23
3.53
2.20
2.03
2.15
2.78
1.00
1.02
1.00
1.13
1.01
3.75
3.38
2.76
1.18
3.58
3.62
2.89
3.46
4.85
1.00
4.56
4.61
3.86
4.63
1.05
1.03
1.06
1.79
1.40
1.00
4.95
1.13
1.08
4.35
3.95
3.04
2.98
1.00
3.46
2.97
2.21
3.05
1.72
4.08
4.20
2.12
4.09
1.01
4.36
1.00
3.82
3.58
3.04
3.03
3.55
4.98
1.36
2.67
3.99
3.28
2.25
4.57
2.91
3.22
1.01
1.02
4.93
4.31
3.92
4.87
3.35
4.86
4.68
4.15
2.66
4.81
1.01
2.07
3.37
3.46
3.25
4.57
2.38
3.46
4.30
1.00
1.01
4.32
4.66
4.53
4.95
2.13
3.93
1.15
1.01
1.79
0.99
4.08
4.80
1.00
4.03
1.41
4.24
4.80
1.01
1.54
1.00
2.26
1.11
1.84
3.49
3.59
1.00
1.02
1.00
3.79
1.01
1.01
2.93
3.07
2.61
4.07
1.88
1.01
3.02
3.33
1.10
1.01
3.17
4.58
3.86
4.06
2.45
1.01
1.00
3.26
3.52
4.37
4.75
2.23
4.09
0.99
4.61
3.26
1.02
1.39
4.57
2.87
2.72
2.87
0.98
3.42
1.00
4.84
1.22
2.45
4.84
4.07
0.99
3.92
3.74
2.93
3.84
1.00
4.11
1.78
1.00
4.50
2.94
4.78
3.95
3.18
1.05
1.04
1.00
1.57
1.20
1.01
2.30
4.62
4.38
3.52
1.01
1.02
3.99
2.91
3.97
3.78
1.00
1.03
1.95
4.70
2.35
4.76
3.83
3.95
4.01
4.20
3.20
1.03
4.10
0.99
1.36
1.00
2.80
1.83
4.02
3.94
1.50
1.01
4.72
1.02
1.70
4.36
3.16
4.51
3.98
3.70
4.08
4.28
1.00
3.98
4.30
1.52
3.78
2.25
4.67
3.80
3.61
4.42
1.02
4.17
3.65
1.07
1.62
3.66
4.20
3.55
2.75
1.09
4.92
2.02
2.58
4.00
1.01
2.24
1.00
4.32
1.01
4.28
1.02
5.01
3.70
2.27
3.95
1.00
1.25
3.48
3.44
2.68
3.95
4.31
1.00
2.12
4.18
4.30
1.62
0.99
3.01
2.10
4.90
1.74
1.00
1.01
5.03
3.41
0.99
4.11
2.02
2.46
1.01
1.00
4.48
2.34
4.59
4.58
2.19
4.23
1.01
4.24
4.30
2.81
3.01
1.01
3.80
2.54
1.19
1.47
4.52
1.21
3.40
4.59
1.04
1.32
1.15
3.68
3.75
0.99
4.48
1.65
3.68
4.29
4.65
1.03
1.05
3.91
3.93
4.48
1.93
1.01
3.70
0.99
1.81
1.43
3.95
3.39
1.01
3.89
4.03
1.03
2.17
1.96
0.98
1.35
4.01
1.00
4.92
3.36
1.00
4.79
4.49
4.18
1.01
1.95
3.76
3.41
1.03
2.98
1.91
4.26
2.28
1.05
1.01
4.51
1.00
1.01
2.93
3.13
3.57
2.65
3.43
3.17
2.85
1.54
3.51
3.91
3.47
4.19
1.36
1.45
3.95
1.99
1.02
4.21
1.02
3.92
1.00
2.98
2.72
4.66
1.16
4.17
3.40
5.08
3.07
2.73
3.03
1.68
1.01
4.15
1.12
4.30
3.48
3.67
4.01
2.61
2.57
1.00
3.66
3.79
3.89
4.25
4.32
4.19
1.46
4.22
3.13
1.00
4.49
1.04
1.43
2.00
3.74
0.99
4.00
2.38
4.04
4.32
3.22
1.01
3.04
3.08
2.35
4.97
3.65
4.84
1.01
3.61
5.03
1.24
1.23
2.86
2.17
4.43
4.61
1.04
2.23
1.28
4.69
3.72
4.63
3.80
4.49
1.26
1.13
1.25
1.01
1.01
1.54
3.46
4.00
3.55
2.15
1.48
4.27
3.89
4.90
2.32
3.69
1.01
1.11
1.11
2.13
3.65
1.82
4.44
1.64
2.37
1.94
3.42
3.51
1.84
4.99
1.05
1.01
4.13
1.34
1.04
1.10
3.60
1.68
4.93
1.01
3.52
2.66
1.00
4.14
3.99
4.72
1.06
1.02
4.29
4.88
1.01
5.03
1.01
4.15
3.07
4.22
0.99
1.02
4.21
2.94
4.38
2.10
2.15
1.79
1.05
1.00
2.79
4.00
1.92
3.26
1.29
1.45
3.97
3.31
4.62
4.67
4.09
4.50
5.10
2.80
2.93
1.00
2.22
5.14
1.00
5.05
4.80
1.01
2.09
1.73
3.72
1.00
1.01
3.60
1.00
4.09
4.24
1.01
0.98
3.41
1.02
4.52
3.10
1.13
4.20
1.18
4.54
1.02
3.43
3.74
4.26
3.86
3.67
4.15
3.99
2.57
2.49
1.40
1.71
1.01
1.79
4.75
4.52
3.37
2.42
3.20
1.76
3.92
4.39
4.37
3.62
4.05
0.98
3.52
2.56
0.99
2.30
1.55
2.17
1.00
1.04
4.56
4.09
3.05
1.62
4.39
2.50
3.16
4.61
3.28
3.42
1.68
3.46
1.49
2.15
1.36
1.00
4.38
1.24
2.84
4.82
3.32
4.41
3.91
4.54
4.84
5.11
3.09
4.76
2.96
4.31
1.00
1.24
2.22
2.32
3.07
3.09
2.20
1.63
2.90
2.27
0.99
2.36
4.40
3.84
4.94
4.43
4.47
1.23
1.00
2.72
4.66
3.85
4.26
4.20
3.51
1.10
3.86
1.00
1.41
2.53
0.99
4.68
4.52
1.00
4.56
1.01
3.48
3.97
3.07
4.62
1.01
3.07
1.00
1.00
3.81
4.09
1.70
1.00
4.82
4.77
1.01
3.36
3.72
1.99
2.65
4.33
3.55
1.10
1.02
1.05
2.83
1.01
1.01
2.33
1.99
3.82
4.17
4.00
1.00
1.01
0.99
2.94
1.01
2.61
1.64
1.88
1.86
3.63
1.01
2.74
3.72
1.61
1.01
3.85
1.73
2.13
4.74
1.00
4.31
4.09
1.19
1.73
1.01
1.20
1.61
1.48
2.03
2.59
4.37
1.97
1.86
4.71
5.58
3.91
3.88
4.90
1.01
1.55
4.11
2.27
3.50
1.46
5.37
1.81
4.00
4.37
1.87
3.48
1.00
1.85
4.56
4.78
1.09
1.00
1.10
1.04
4.65
2.86
1.00
2.02
4.68
4.70
1.00
2.03
4.07
2.03
3.76
4.43
3.88
1.04
2.33
1.00
1.37
3.33
4.68
4.29
2.45
0.99
1.05
4.16
1.26
1.29
1.00
4.31
3.01
1.00
4.72
3.11
1.01
3.65
3.60
1.22
1.71
1.03
1.04
1.01
5.10
5.05
4.67
3.94
4.63
1.04
4.87
3.78
1.00
2.23
2.09
1.01
1.02
2.51
1.00
1.63
3.66
4.99
4.80
4.14
1.41
1.20
3.18
2.66
5.15
3.26
4.51
4.16
1.00
1.65
1.01
3.01
0.99
4.61
2.61
3.99
4.87
2.67
2.16
4.72
1.92
2.98
4.29
3.40
4.40
4.94
4.78
1.00
0.99
3.50
3.62
3.46
3.27
1.00
1.07
4.34
2.56
3.51
4.04
1.03
4.49
2.56
3.89
4.09
4.02
2.21
3.25
1.00
1.02
1.38
1.18
2.05
2.58
4.63
3.41
2.97
1.88
2.91
1.17
4.56
4.41
2.88
2.17
4.25
3.68
4.57
4.12
3.99
5.16
2.56
3.54
3.66
3.72
3.13
2.70
4.84
3.57
2.24
1.02
1.05
4.68
4.65
1.00
4.12
3.39
1.81
4.44
1.82
3.99
1.05
2.28
1.46
2.46
1.52
1.31
3.84
1.06
3.22
4.57
3.52
4.53
3.32
4.93
1.07
1.15
1.26
1.14
3.39
4.04
1.09
3.80
1.01
3.37
1.01
1.73
1.24
3.41
2.14
4.05
5.00
2.80
0.98
1.01
2.57
4.56
3.24
3.66
1.03
1.10
1.02
3.71
4.00
3.88
4.12
2.93
1.01
5.19
1.45
4.39
2.93
4.12
2.22
3.48
1.01
1.37
2.85
3.96
4.61
1.03
3.32
1.01
4.29
1.55
0.98
4.06
1.03
3.30
1.17
2.84
4.62
3.47
4.73
2.02
3.37
2.80
1.26
1.17
3.16
2.53
3.27
3.92
4.12
4.69
2.14
0.99
1.01
1.39
4.78
1.71
3.81
1.02
2.53
4.77
4.27
4.67
1.00
4.14
1.60
1.31
1.04
0.99
4.08
0.98
2.26
1.12
4.71
3.17
4.34
4.90
3.94
2.51
1.51
3.21
2.53
3.63
1.27
4.07
4.89
1.94
1.00
4.57
4.26
3.51
3.37
1.24
1.47
4.88
4.25
0.98
1.52
3.92
3.85
3.56
3.07
4.28
3.92
4.53
1.02
4.32
1.03
5.18
4.26
4.65
3.64
2.14
4.68
3.07
1.14
4.88
2.99
1.00
2.41
2.31
3.02
4.90
2.01
4.20
4.91
1.51
1.09
0.99
2.26
1.38
4.79
3.65
4.83
4.24
1.51
2.35
3.32
3.88
4.20
3.08
4.65
4.79
1.00
4.93
1.74
4.60
4.03
2.98
1.02
3.63
1.26
4.20
3.88
3.35
1.95
1.42
3.29
4.16
4.13
4.29
1.00
3.79
1.00
1.02
3.66
4.68
4.77
1.19
1.00
4.17
1.01
5.15
4.53
2.30
3.32
3.29
1.01
3.52
3.91
0.98
4.17
2.89
3.54
4.82
1.01
4.38
2.68
2.45
4.28
1.00
3.01
3.80
4.96
3.88
1.01
2.70
1.03
1.34
3.26
2.45
1.00
3.12
3.58
1.93
3.99
2.89
4.68
3.55
1.54
1.07
4.38
4.33
1.01
3.23
3.15
3.22
1.00
3.40
4.57
5.10
5.09
3.73
1.00
3.17
1.03
4.25
2.42
1.02
4.64
2.07
1.63
4.65
4.01
3.49
1.00
1.49
4.31
3.93
4.45
4.79
2.33
2.24
1.01
4.32
4.92
2.29
4.35
2.93
1.02
3.91
2.40
1.14
1.89
3.84
2.99
4.22
4.46
4.20
1.06
1.08
1.05
1.29
1.00
4.32
1.01
4.65
1.38
2.36
2.49
2.29
1.05
2.14
2.42
3.46
3.69
1.12
1.10
4.74
4.02
0.99
0.99
3.52
1.00
5.07
1.11
1.42
2.22
2.25
3.56
1.00
1.01
1.56
1.23
1.13
0.99
3.84
1.01
3.68
1.01
2.08
1.27
4.42
4.92
1.00
1.02
1.28
3.18
2.85
4.80
1.01
1.02
1.12
1.01
3.80
4.92
1.00
1.88
3.61
2.62
2.85
1.01
4.34
2.97
5.16
1.37
2.72
1.38
4.95
4.80
4.90
3.73
4.60
1.00
2.74
4.44
3.87
2.91
1.00
3.99
1.08
1.04
3.96
1.14
4.24
4.91
4.61
1.18
3.80
1.07
1.00
1.94
3.34
2.27
3.61
1.03
1.01
3.92
1.00
1.23
2.69
1.78
5.06
1.83
4.27
4.23
2.98
3.56
4.23
5.09
1.00
1.35
3.43
0.99
1.02
3.06
1.77
2.21
2.03
3.59
3.88
4.57
1.79
3.92
3.48
1.46
2.22
4.71
4.16
4.15
1.44
1.55
1.23
1.01
1.00
1.00
2.27
2.22
2.90
3.26
4.14
1.40
1.00
0.99
3.21
1.04
1.51
2.31
4.58
1.01
3.72
3.79
3.77
3.62
5.11
3.59
3.80
1.01
3.46
3.98
4.85
2.27
3.12
1.22
4.91
1.57
4.53
4.13
4.50
1.10
1.00
3.50
3.32
1.29
4.00
4.16
1.59
1.00
3.95
3.00
1.33
4.80
1.01
3.89
2.03
1.89
1.02
4.80
1.52
4.33
4.17
4.83
1.01
4.47
4.12
4.71
4.44
4.64
4.80
2.78
4.51
4.61
4.83
4.53
1.40
0.99
2.72
3.92
5.02
3.87
3.53
2.61
4.76
2.76
4.54
4.48
3.59
2.92
1.01
3.50
4.09
1.00
2.40
3.91
1.42
1.01
3.79
2.89
3.11
3.28
3.09
1.06
1.00
2.10
3.41
2.81
1.12
3.17
1.02
4.84
1.01
4.56
4.16
1.34
4.23
4.68
1.92
4.57
2.17
4.46
1.83
1.70
3.91
3.01
2.59
1.02
1.74
2.26
4.09
1.01
2.93
4.61
1.02
4.78
1.18
1.65
1.42
1.98
3.80
4.65
1.21
5.21
1.01
1.00
5.10
4.40
3.95
3.42
4.56
3.41
2.01
1.00
4.58
1.16
1.16
4.23
3.14
3.64
3.11
4.07
4.27
3.70
1.01
1.15
2.95
3.26
4.94
1.00
1.27
1.98
4.22
1.00
1.06
1.88
4.62
3.47
4.86
1.65
4.07
1.26
4.53
4.99
4.80
1.50
3.80
4.89
3.67
1.01
4.54
1.05
1.01
4.47
1.00
1.06
3.62
3.56
4.80
2.16
3.94
1.01
4.15
4.64
2.82
3.64
1.06
4.77
2.89
0.99
3.77
4.01
2.19
2.99
4.48
3.06
4.38
0.99
4.50
4.10
4.00
1.40
4.94
1.00
3.68
3.43
2.61
3.94
4.32
3.17
4.88
1.53
3.02
1.01
4.36
3.68
3.94
3.85
4.39
3.36
3.90
4.89
2.08
3.01
2.47
2.79
3.15
5.03
4.98
4.18
3.83
4.28
4.14
1.08
2.10
2.69
1.02
1.17
5.14
1.00
3.37
3.91
3.95
4.23
1.42
1.01
0.99
1.01
4.19
3.85
1.02
4.40
5.07
1.05
1.99
3.47
1.76
1.03
3.28
4.90
4.70
2.48
4.13
4.11
4.42
2.26
4.20
4.45
1.02
1.50
4.25
3.78
3.33
1.02
2.86
1.13
1.92
3.38
1.04
1.05
4.39
1.00
4.64
3.91
2.37
0.99
2.88
4.25
1.00
1.03
4.01
3.27
1.41
1.22
1.00
1.01
1.14
3.96
1.08
2.46
2.80
4.82
4.56
1.34
4.71
3.82
4.80
1.01
4.97
3.87
2.93
3.74
3.74
4.56
4.44
1.27
2.48
1.86
4.75
3.90
4.63
4.52
1.01
1.02
1.00
3.54
2.25
3.33
3.19
4.41
1.14
1.03
4.26
2.94
2.84
3.73
1.19
1.99
1.04
4.80
1.08
4.40
2.69
4.35
1.00
1.06
4.74
2.78
3.13
4.13
2.23
2.12
1.01
1.04
1.06
1.34
2.10
1.78
4.89
4.31
3.65
1.03
1.01
2.04
0.99
4.57
4.32
2.77
3.20
4.06
1.02
2.55
3.94
1.79
1.00
0.99
0.97
4.39
1.57
3.11
4.77
2.55
1.00
2.12
1.02
4.64
3.45
2.44
0.99
1.30
3.18
3.97
1.03
4.72
4.47
1.02
3.23
2.74
1.35
2.13
4.79
4.32
1.00
1.78
0.99
3.32
3.93
4.58
3.42
1.02
3.02
4.50
3.82
5.15
3.74
1.03
4.60
4.12
4.62
4.67
4.09
3.28
4.08
1.26
3.17
4.11
1.01
3.76
3.93
3.99
3.63
2.53
4.56
2.84
1.01
4.05
1.00
5.04
1.88
4.07
3.49
1.45
3.88
1.32
3.53
1.01
0.99
0.99
2.05
1.00
1.78
3.16
4.46
1.03
4.03
1.02
1.39
1.01
4.50
1.56
1.15
1.63
1.01
1.03
2.85
0.99
1.09
1.00
1.01
1.00
3.95
1.77
3.78
1.37
4.45
1.90
3.59
1.01
2.22
4.13
1.55
1.00
4.63
3.55
1.28
1.76
1.81
1.02
3.06
2.60
3.70
2.74
4.87
3.34
5.03
1.03
1.45
0.99
2.90
1.58
4.66
4.10
2.04
4.12
1.01
4.48
1.02
1.00
1.02
4.20
1.14
1.01
1.00
4.43
4.14
2.90
4.04
1.00
3.77
2.64
2.77
4.07
1.86
1.58
4.30
3.31
2.58
4.48
4.41
1.01
1.01
3.17
3.77
4.45
3.57
1.01
1.04
3.79
3.83
1.00
4.76
2.67
2.18
1.00
1.00
3.63
3.11
2.72
2.90
4.47
0.97
4.90
4.18
5.15
2.19
1.73
4.46
1.02
4.03
4.35
3.37
3.87
3.91
1.02
4.19
4.73
3.65
2.65
4.13
4.87
3.66
3.65
3.89
1.42
1.00
3.05
3.04
3.02
1.64
1.00
1.02
3.61
1.01
1.27
1.00
2.83
4.86
4.69
1.06
3.21
1.04
1.01
3.09
4.61
1.05
1.61
1.00
3.98
2.41
1.01
5.00
1.88
1.02
1.02
2.79
2.26
1.00
1.01
4.71
1.00
3.92
4.53
3.76
3.98
2.38
3.34
1.01
1.52
4.98
4.71
4.58
4.88
1.01
1.00
4.84
1.58
4.47
1.01
2.03
2.51
3.93
2.82
1.60
1.02
1.18
2.18
0.99
1.03
3.42
1.10
3.70
2.15
1.00
4.25
3.02
4.27
1.22
1.04
3.38
1.58
1.00
3.65
3.93
1.02
0.99
3.66
1.73
4.17
3.43
1.48
4.48
3.45
3.38
1.06
1.00
1.08
1.00
1.12
3.02
1.03
3.03
1.00
0.99
2.17
0.99
2.42
3.27
4.81
4.67
2.67
1.71
2.78
4.15
1.56
4.40
2.75
3.12
1.70
4.21
4.90
1.33
2.83
2.75
2.16
3.74
3.20
4.30
2.66
1.00
1.18
3.86
1.01
2.22
4.55
1.01
2.26
4.42
4.46
2.59
2.98
3.26
3.86
4.33
2.17
3.28
1.97
4.86
4.71
1.07
3.26
0.99
4.42
3.73
4.30
4.84
1.01
1.01
1.00
3.27
3.84
3.70
4.38
3.96
2.05
1.00
4.52
4.64
3.87
3.78
3.26
1.00
2.17
1.01
4.06
3.85
4.87
3.93
1.22
1.71
3.12
1.58
3.47
4.49
0.99
1.58
1.00
4.80
1.01
4.62
4.00
4.33
3.21
3.42
1.00
4.92
3.12
1.04
5.26
3.37
4.69
2.49
4.12
4.30
4.67
4.76
1.00
1.30
1.03
3.57
4.27
1.75
4.19
3.99
1.15
1.01
1.03
1.01
1.04
4.37
1.01
1.00
4.98
4.20
3.08
3.26
3.98
4.47
4.72
3.24
2.58
2.08
0.99
1.18
1.76
1.02
4.94
0.99
3.96
4.09
2.71
3.66
2.40
3.74
1.00
1.02
1.29
1.00
4.47
4.08
1.14
1.55
1.01
2.07
1.03
3.89
4.42
3.56
2.06
1.09
0.99
1.59
3.86
2.94
1.00
1.00
2.83
2.77
1.27
3.84
4.61
1.02
2.54
1.01
1.00
3.28
4.48
3.38
2.16
3.78
1.22
5.01
2.33
0.99
4.66
1.09
4.30
3.97
2.86
4.57
3.14
1.01
4.75
4.91
3.98
2.19
4.43
1.01
3.11
3.63
1.17
2.28
2.91
3.07
1.08
1.00
3.87
3.16
3.90
2.29
4.35
2.19
2.03
3.35
1.92
2.02
1.27
1.00
3.77
1.02
2.91
3.73
4.26
0.99
3.23
2.75
1.99
0.98
4.92
2.90
4.48
3.00
1.40
1.01
2.58
2.75
1.02
3.11
4.01
1.00
4.56
4.61
4.97
1.01
2.91
3.99
4.19
1.00
2.01
4.93
2.65
3.41
1.00
4.39
1.72
2.30
3.66
5.10
3.62
2.65
3.77
3.92
3.80
4.14
5.12
1.39
4.99
1.04
3.37
4.20
1.01
1.00
4.13
1.55
2.92
1.69
4.01
3.54
2.34
4.87
1.83
1.03
4.79
3.20
1.56
4.63
3.46
3.93
5.01
4.28
3.71
1.01
4.65
1.21
4.71
3.44
1.26
3.76
1.29
3.72
1.03
4.77
1.00
3.94
3.55
3.69
3.78
1.33
4.56
0.99
1.00
4.61
4.10
1.16
4.42
4.20
2.75
1.40
2.79
3.11
3.25
3.16
3.93
3.96
4.58
4.26
1.02
4.80
1.01
1.00
1.22
1.01
4.69
5.00
4.02
2.45
3.04
1.01
4.44
4.33
4.69
2.01
4.32
3.06
1.01
3.60
2.41
4.07
1.00
5.04
2.93
1.02
4.65
1.00
3.46
2.83
1.74
4.06
1.39
1.01
1.04
4.00
4.80
3.70
4.76
0.99
1.65
3.70
4.66
3.66
5.04
4.78
4.39
1.60
3.92
4.43
1.38
1.05
2.77
4.53
2.89
3.38
4.62
3.43
1.09
3.04
2.41
4.11
3.56
2.83
0.98
1.01
4.79
4.13
5.33
1.21
1.01
1.36
3.71
2.87
4.03
4.39
1.00
1.13
3.92
2.27
4.40
5.01
3.64
1.94
1.02
3.01
4.13
3.04
1.00
2.98
3.57
4.49
4.75
2.06
0.99
2.27
1.00
4.32
4.45
1.01
3.98
4.22
1.16
4.49
5.27
4.32
2.13
4.74
3.29
3.04
2.52
3.21
2.23
3.80
1.00
3.92
1.36
0.99
3.89
2.91
4.03
4.22
1.03
4.26
5.07
3.71
4.11
3.49
3.78
1.00
0.99
2.71
1.76
4.22
1.82
1.00
1.48
1.55
1.01
3.44
3.41
4.13
3.13
1.16
1.90
1.56
1.02
3.81
4.41
4.11
2.60
1.02
1.01
3.02
3.21
2.88
1.01
0.95
1.28
3.75
3.10
1.10
2.97
2.07
1.31
1.73
4.00
3.16
3.52
1.45
2.90
4.47
1.01
3.69
2.32
1.01
4.12
1.82
1.27
3.73
2.83
1.06
4.19
1.08
1.48
4.16
3.71
1.01
3.19
4.03
1.00
1.20
1.00
4.76
4.56
1.01
3.43
3.55
3.50
1.01
1.00
4.25
4.91
1.01
4.09
1.42
1.03
1.68
1.00
3.57
2.75
1.31
3.19
1.04
3.05
1.06
3.42
2.53
4.96
3.34
4.73
3.83
1.72
1.00
1.01
1.02
1.16
4.75
2.83
3.28
1.61
3.96
4.78
1.01
2.25
4.73
1.18
4.34
1.84
3.35
3.06
2.70
1.02
4.62
1.00
1.83
3.32
3.92
1.06
3.74
1.86
1.01
3.84
2.16
1.55
1.01
1.08
2.16
1.02
3.02
4.78
1.07
4.87
2.58
3.92
3.04
1.03
2.30
2.67
1.68
3.11
1.00
3.57
1.30
4.58
3.02
3.67
4.07
2.83
4.18
2.22
4.00
0.99
1.39
4.41
4.39
1.10
4.40
1.00
4.12
1.01
3.07
1.01
4.66
4.11
2.98
3.29
4.23
1.00
4.45
1.00
1.44
4.36
3.41
1.07
3.48
3.30
4.42
0.99
4.20
5.02
3.40
3.79
2.65
1.12
3.75
3.76
3.04
3.61
1.43
3.12
4.14
3.58
3.30
4.75
1.97
4.61
4.10
1.07
3.32
1.02
1.07
4.27
1.78
1.02
1.15
3.19
2.97
1.64
1.01
3.60
1.17
2.22
0.99
5.07
1.87
4.19
3.00
1.63
4.20
2.60
1.00
2.58
4.62
4.04
1.00
2.26
1.00
1.00
4.07
4.07
1.05
5.07
1.00
1.01
2.45
4.84
4.26
4.56
1.00
2.87
2.94
1.78
2.40
2.23
1.07
4.72
1.66
1.04
1.00
3.86
1.00
3.38
1.00
3.69
4.12
1.00
2.23
3.97
4.69
4.26
2.51
1.03
0.99
1.01
4.27
2.06
4.05
3.96
2.57
0.98
1.19
1.06
3.63
2.67
1.02
4.80
4.42
2.50
1.37
4.96
1.29
2.10
3.63
1.21
3.38
4.59
0.99
4.65
4.89
3.98
2.79
2.82
4.88
3.65
3.20
1.01
5.20
3.99
1.43
3.47
2.82
1.05
3.79
1.68
4.11
1.29
4.64
1.01
4.72
2.71
1.02
1.02
3.21
4.91
3.89
1.01
1.00
3.18
1.00
2.14
2.09
2.42
1.48
1.11
3.64
4.26
1.78
4.46
1.03
3.66
4.10
4.05
5.17
1.79
3.55
4.69
0.99
4.35
3.83
3.72
3.02
3.77
3.45
1.27
2.14
1.00
3.87
4.00
1.52
1.00
4.40
2.06
4.15
4.40
1.00
1.01
4.50
1.01
3.97
3.72
2.84
1.01
1.82
1.02
1.19
4.37
2.30
2.15
3.40
1.00
3.94
1.01
1.91
2.59
4.37
1.01
4.86
1.74
3.35
4.37
1.06
4.35
3.76
3.43
1.26
2.71
1.01
3.97
4.19
2.72
1.00
1.06
3.95
1.32
4.24
0.99
3.80
3.88
3.22
3.89
3.50
3.02
0.99
1.42
4.03
4.50
3.80
4.87
1.07
3.57
4.62
4.02
1.75
4.72
3.60
3.23
1.05
4.32
3.46
3.75
2.97
3.75
1.11
2.92
4.19
4.29
3.80
2.28
3.12
2.12
2.72
1.01
2.01
1.43
1.48
1.02
2.41
1.00
2.20
1.05
1.00
3.63
3.96
1.01
4.48
4.19
4.82
1.03
1.02
1.52
2.52
3.52
4.53
1.29
4.07
1.05
3.51
1.00
2.70
3.65
0.98
2.66
4.55
4.71
1.43
3.56
4.70
4.13
1.00
2.95
4.24
2.92
4.33
1.01
1.01
2.15
3.16
1.01
3.07
4.39
2.42
4.05
4.02
1.01
2.36
3.85
3.78
4.86
4.52
1.01
2.17
1.94
3.87
1.77
3.73
3.16
1.39
3.02
3.73
4.19
2.10
5.05
3.08
3.55
1.01
4.55
2.19
1.11
1.75
3.73
3.00
3.90
2.98
4.77
4.32
2.73
3.69
3.80
1.01
1.61
3.93
2.51
1.01
2.56
4.57
1.01
0.99
2.46
1.25
4.11
4.56
1.00
1.38
4.06
2.53
0.99
2.10
4.84
4.12
2.71
4.00
4.32
1.82
1.40
3.78
2.65
1.00
1.40
4.32
2.11
4.37
4.59
0.99
2.86
2.14
2.96
4.82
3.90
4.75
1.31
1.04
2.32
1.87
4.57
3.52
1.03
3.67
4.59
1.50
1.05
3.63
4.07
4.38
4.77
2.83
4.81
0.99
2.76
1.94
1.86
1.01
3.41
2.77
2.66
3.92
4.47
1.02
1.03
3.76
4.40
4.53
0.98
4.05
2.80
1.13
4.44
3.58
4.40
1.17
1.00
2.87
1.01
1.03
3.37
4.30
1.04
4.03
4.42
4.45
4.91
1.01
1.01
3.89
4.46
1.01
3.58
3.89
2.51
2.70
2.59
1.58
3.96
1.01
3.88
4.62
1.70
4.75
1.55
2.58
1.00
3.14
1.17
4.78
3.28
1.90
1.05
1.46
4.53
1.09
2.91
4.81
4.83
2.24
3.64
3.00
1.01
1.82
3.42
2.88
1.00
1.04
2.33
4.70
1.63
2.60
3.98
1.01
1.24
4.50
3.83
3.85
1.87
1.00
4.27
1.16
1.00
4.33
1.43
3.54
4.14
2.95
1.01
4.47
3.75
2.18
3.64
4.49
1.00
1.68
2.60
3.92
1.00
1.00
1.04
3.95
2.66
2.59
1.09
4.89
3.50
4.09
1.02
4.22
4.36
3.05
1.00
4.42
4.94
4.87
2.93
2.65
3.96
5.05
1.00
3.57
2.41
4.22
1.21
1.47
3.90
1.48
3.56
3.54
4.83
4.96
0.99
1.02
2.62
2.53
3.50
1.98
3.37
2.27
1.38
3.70
4.56
1.00
2.89
4.72
1.00
3.53
3.38
1.95
0.98
4.99
1.01
1.01
1.05
3.67
2.65
3.81
1.00
4.80
1.00
1.01
1.77
3.93
1.06
1.07
3.59
1.04
4.57
4.77
1.57
4.13
1.05
1.00
2.84
1.00
3.89
1.04
3.59
4.60
5.08
4.67
1.01
4.31
2.91
4.81
0.99
1.00
1.00
2.42
3.59
4.94
4.78
1.00
3.28
3.59
3.65
1.02
2.60
4.27
1.93
4.04
3.85
1.02
4.94
1.02
0.99
1.00
4.91
3.56
1.01
2.89
1.00
1.01
1.24
2.01
1.01
1.44
2.62
2.44
1.49
4.61
2.53
1.00
1.04
3.97
3.77
2.40
1.02
3.16
3.24
4.07
3.67
1.01
4.03
1.00
3.83
1.38
1.00
3.58
3.37
1.04
1.87
1.01
4.72
1.06
1.98
4.41
3.93
4.88
3.87
4.41
3.40
1.00
3.78
2.88
2.41
0.99
1.40
3.95
3.83
2.40
2.42
1.00
4.09
4.03
2.98
4.86
3.14
2.66
5.02
1.28
3.35
1.00
4.55
2.00
1.13
3.03
4.75
4.11
3.33
3.50
1.01
4.53
3.86
3.92
4.54
5.01
4.77
4.68
4.96
4.96
1.01
4.73
2.12
1.00
3.85
3.55
2.42
1.12
3.48
4.02
1.01
4.05
1.01
4.23
0.99
4.50
2.81
3.75
1.37
1.04
2.63
3.30
3.41
1.66
1.00
4.07
1.01
1.06
3.90
2.40
4.21
1.00
4.07
0.99
3.38
1.44
3.52
3.73
1.00
4.19
2.83
1.01
0.98
1.01
1.84
4.37
2.28
4.47
5.12
1.27
1.01
1.00
1.00
1.17
3.23
3.53
1.45
2.26
4.42
1.00
4.44
2.19
1.01
4.31
1.06
4.28
3.74
1.01
4.88
2.24
4.48
2.42
2.60
4.63
3.85
2.12
1.23
3.41
1.06
1.01
1.17
1.01
0.99
4.89
3.18
1.05
3.80
4.37
4.42
3.07
1.77
4.39
2.45
4.83
4.62
1.96
4.43
4.68
3.94
1.00
4.81
3.33
4.28
2.61
2.54
1.12
1.51
4.43
4.92
3.68
3.66
1.12
4.26
4.81
1.01
1.07
4.43
1.13
3.69
3.65
4.60
4.95
1.65
0.99
3.82
1.01
3.78
3.29
1.00
4.22
1.02
2.95
4.15
1.75
4.22
4.78
3.44
2.40
1.10
1.06
1.89
3.92
1.00
3.35
5.00
1.57
4.48
3.39
2.78
3.05
3.46
1.10
1.23
4.51
4.52
3.22
1.01
4.69
1.40
3.70
1.79
1.19
1.64
3.74
1.91
0.99
4.14
4.22
1.52
2.51
1.00
1.03
4.07
4.34
4.85
4.30
1.99
2.13
1.58
4.58
4.03
2.98
3.09
1.18
1.04
4.42
4.39
4.48
3.72
1.01
3.36
4.56
4.47
3.44
1.03
1.00
3.24
4.07
2.36
3.52
2.32
1.11
3.29
2.35
1.90
1.15
1.00
1.11
4.03
3.26
3.32
1.85
1.06
1.04
1.00
2.48
4.44
2.05
4.11
1.06
4.32
3.28
3.79
1.01
3.65
3.01
3.17
1.35
4.63
1.26
4.76
3.71
3.17
3.45
4.75
1.83
1.01
1.05
3.64
2.81
1.23
4.28
1.06
3.11
4.06
4.21
1.34
2.60
2.02
4.87
1.01
2.61
4.19
4.22
2.64
4.71
4.13
2.82
0.98
1.00
3.91
4.64
4.79
2.19
4.43
1.00
3.40
4.08
2.71
4.69
1.87
3.73
1.87
3.23
2.05
1.02
3.95
1.00
4.67
3.25
1.01
4.53
4.95
1.05
3.83
1.00
1.02
3.76
1.00
2.06
3.75
3.61
4.97
4.37
1.00
1.09
3.44
2.50
2.51
4.56
1.03
1.41
4.16
4.96
4.57
4.43
2.11
2.64
1.00
4.21
2.16
2.27
3.82
4.22
1.21
1.81
4.24
4.33
5.13
1.00
3.69
3.12
4.53
3.33
1.26
3.07
2.40
1.65
4.25
4.21
1.49
3.58
1.01
1.54
0.99
4.84
4.12
4.12
1.63
4.10
2.09
1.01
4.11
1.00
1.00
4.56
2.86
4.94
4.98
1.96
3.36
2.78
3.01
2.76
4.23
1.00
1.02
2.60
2.93
3.33
3.23
4.80
1.42
2.20
4.13
3.91
2.88
1.22
1.00
4.60
4.51
2.01
2.77
5.13
0.95
3.98
1.03
3.95
3.36
2.52
4.55
3.83
1.01
1.54
2.45
1.00
1.52
0.97
1.72
2.13
4.04
3.72
1.00
2.69
3.50
3.86
3.30
1.02
1.01
1.66
1.81
4.00
4.60
1.01
1.72
1.35
1.02
1.82
4.38
4.41
3.43
4.99
4.00
3.39
4.79
4.12
4.14
3.33
1.00
4.18
1.00
4.72
1.73
1.00
1.31
5.05
4.33
3.21
4.78
1.66
2.91
3.96
1.00
2.43
0.99
3.87
1.02
4.31
4.73
4.45
2.09
2.28
2.18
3.17
3.46
1.49
4.77
1.89
1.00
4.09
1.01
4.69
1.81
3.28
4.03
3.64
4.67
1.04
3.26
1.80
4.25
2.28
4.89
1.00
2.86
1.20
4.13
4.10
1.04
1.02
1.02
3.49
4.13
1.30
5.18
4.01
3.29
3.46
4.07
1.01
1.00
4.32
1.30
1.00
4.50
1.01
3.91
1.01
1.02
1.01
5.17
4.11
1.21
1.01
3.15
1.12
4.55
2.10
1.81
4.37
4.65
3.80
3.66
1.01
4.78
3.18
4.38
1.01
3.61
0.99
3.96
2.21
1.60
4.53
1.00
3.93
3.97
1.01
4.74
1.59
3.66
4.57
1.00
1.00
2.31
2.46
1.93
1.81
3.92
1.41
1.01
4.82
4.75
1.01
0.98
3.78
3.89
1.15
1.60
0.99
3.43
4.26
3.93
3.66
1.08
2.90
1.01
4.50
4.48
1.98
1.03
1.02
3.29
1.01
3.54
4.04
3.44
1.01
0.99
2.57
3.61
1.01
3.71
4.77
1.02
4.26
1.01
1.00
1.03
4.60
4.43
1.14
3.74
3.78
4.26
3.44
5.17
4.75
4.37
3.44
4.32
3.69
1.06
4.63
3.98
2.55
3.75
2.62
4.11
1.90
2.68
1.00
1.02
2.69
1.93
3.25
3.92
3.49
3.13
1.27
2.38
1.03
1.01
5.09
3.86
1.00
4.67
2.62
1.01
4.14
1.00
3.37
3.43
4.99
4.35
4.05
4.92
3.72
1.01
1.00
4.80
4.72
4.53
1.73
4.25
1.01
2.82
4.19
3.12
1.01
2.82
4.03
0.99
4.81
1.58
4.81
3.99
1.00
1.01
4.16
0.99
2.63
4.26
2.49
4.49
1.00
1.55
0.99
1.98
1.00
1.73
4.00
3.75
1.00
1.00
3.01
1.00
1.94
1.00
2.64
4.31
2.48
1.89
3.74
2.00
5.22
3.67
4.59
3.76
1.00
1.07
3.95
1.05
4.73
3.53
3.53
3.48
4.13
1.04
1.75
3.32
4.62
2.97
2.26
1.02
4.50
2.72
3.87
4.51
3.88
1.80
2.64
3.35
1.92
3.34
4.27
4.30
3.33
1.57
3.14
3.71
2.18
2.46
1.03
3.23
4.28
1.87
1.01
4.28
3.17
2.10
1.00
1.47
3.58
1.04
4.72
1.13
1.00
1.49
1.00
2.72
3.41
3.53
4.07
1.40
3.83
4.54
4.07
3.69
3.57
2.49
4.17
1.01
1.00
1.01
4.05
3.81
3.23
2.44
4.19
0.99
4.47
4.87
1.00
3.70
1.05
3.38
1.87
1.66
0.99
4.69
3.82
1.00
1.56
1.27
1.03
4.84
4.31
4.05
3.93
1.00
1.00
3.50
4.03
4.89
3.54
3.00
3.31
2.98
3.61
4.46
1.86
4.50
4.57
3.19
1.01
4.19
3.24
2.15
2.07
3.91
4.40
2.32
2.66
3.93
1.80
4.65
2.30
4.30
4.15
1.46
3.30
2.24
4.79
1.59
1.00
4.46
1.05
3.13
0.99
1.19
2.98
1.01
1.01
3.97
3.54
5.14
3.77
3.17
4.65
1.01
1.15
0.99
3.99
2.43
3.79
2.06
4.10
5.05
5.11
1.01
4.89
1.03
1.02
4.58
2.44
4.26
1.45
3.05
1.05
4.32
4.06
1.87
2.00
4.12
5.03
1.00
4.40
4.03
2.66
4.33
3.80
2.17
3.75
4.62
1.06
1.00
1.99
1.26
1.95
4.56
3.13
3.54
1.80
3.56
1.11
0.99
3.88
3.89
2.56
4.37
4.65
0.99
1.68
1.29
2.27
4.63
1.00
4.08
4.66
2.29
5.06
2.72
1.01
1.26
4.57
2.56
2.54
2.09
0.98
2.17
1.13
1.11
2.73
1.03
0.99
1.00
3.93
3.41
4.62
4.22
4.07
4.45
1.19
2.52
1.78
4.12
2.48
1.00
1.05
2.00
1.01
4.63
4.64
1.00
4.38
2.43
3.84
2.96
1.08
3.50
1.00
1.70
3.82
3.28
1.02
4.48
4.65
1.29
1.27
2.42
1.02
4.06
1.00
2.72
1.02
3.27
0.99
2.57
1.17
1.00
4.77
2.35
3.99
2.32
3.46
2.54
4.89
4.55
1.17
2.78
3.45
0.99
1.01
4.57
1.01
2.51
3.43
3.08
4.65
2.56
3.94
2.98
4.22
3.30
1.00
2.15
4.63
3.83
1.02
1.05
1.93
4.44
4.88
3.62
4.22
1.24
3.45
1.37
1.20
4.73
4.05
3.30
2.15
4.51
1.04
4.24
3.80
3.76
3.85
1.02
4.10
3.57
1.00
2.39
4.78
4.54
2.86
4.26
3.72
3.72
1.84
1.98
1.00
2.13
3.60
3.51
4.50
0.98
2.64
2.49
4.12
1.59
1.37
4.00
3.65
3.92
2.09
4.53
2.88
3.12
2.72
1.15
1.14
4.06
1.00
4.73
3.48
3.80
3.18
1.04
2.02
1.18
3.91
3.92
1.01
4.80
4.80
1.15
4.20
3.37
1.01
2.54
1.01
3.02
3.83
4.36
2.15
1.02
1.00
2.20
2.37
4.24
4.26
3.91
4.16
1.19
4.46
1.79
3.67
3.53
1.15
2.82
2.05
3.25
2.94
1.39
3.16
1.02
1.01
3.21
4.29
3.93
4.84
4.55
1.05
3.37
4.19
4.81
2.24
1.00
1.00
4.97
1.63
2.24
3.00
1.06
3.82
1.21
4.56
5.04
4.86
2.31
1.18
1.01
1.22
4.41
3.45
1.73
4.81
1.02
3.42
1.19
2.52
1.54
1.14
4.61
1.96
1.35
3.56
0.99
3.89
4.54
4.71
4.00
3.16
4.44
2.34
2.20
2.41
2.05
3.28
4.32
2.09
4.95
4.49
4.97
2.50
1.05
3.77
2.79
3.75
3.40
4.46
1.05
2.92
3.12
2.55
1.00
1.01
3.36
1.01
4.58
4.37
1.01
1.02
1.13
4.87
3.50
1.00
3.69
2.87
1.00
4.36
4.24
1.58
1.58
4.67
3.89
1.01
3.12
4.42
1.00
1.35
0.98
1.48
1.65
3.78
1.02
3.80
4.68
4.65
4.18
1.03
4.04
2.76
1.01
2.85
4.61
3.25
3.81
1.00
4.84
5.02
1.05
1.00
4.56
0.99
1.63
3.86
4.75
3.76
2.37
3.76
1.96
1.15
0.99
3.82
2.96
4.30
3.50
3.88
1.04
4.85
4.75
4.57
3.57
1.05
4.52
4.16
0.99
1.01
4.53
4.35
1.00
4.44
1.00
4.77
0.99
4.63
4.81
5.05
5.20
1.01
4.89
4.01
4.38
1.39
4.29
3.95
3.27
4.42
3.52
3.52
1.00
3.84
3.79
4.17
2.47
4.46
3.79
1.08
1.07
4.02
2.08
2.68
3.31
1.19
0.98
4.04
2.56
3.47
4.13
2.15
2.82
4.44
4.21
4.41
2.71
4.47
2.36
1.70
1.00
4.14
1.03
2.66
1.01
3.44
2.55
1.00
3.63
4.71
4.11
4.04
3.88
1.01
4.71
2.27
4.08
4.07
4.22
1.38
1.73
3.40
4.86
3.87
1.05
4.58
2.24
3.41
2.10
1.01
3.45
3.23
3.82
4.10
4.97
5.08
2.53
4.53
4.12
1.05
2.16
4.07
1.00
1.39
1.01
1.01
1.39
1.07
1.84
4.01
1.17
2.65
3.64
1.02
2.75
4.57
1.00
4.38
1.40
2.07
1.91
4.19
3.68
3.21
3.28
1.05
1.18
3.84
4.08
4.33
2.17
1.00
0.99
1.64
4.86
1.00
1.14
3.02
3.90
4.64
1.01
2.81
2.26
1.00
1.00
4.65
3.35
1.40
1.06
1.02
4.78
1.01
1.00
4.92
3.16
5.03
4.54
1.02
4.05
4.55
4.26
4.68
2.34
4.07
3.64
4.66
4.50
1.01
4.19
1.57
3.98
2.68
1.06
2.53
2.28
3.29
1.02
1.01
2.60
4.99
4.44
4.65
4.06
3.96
1.01
3.09
2.11
2.89
1.01
2.30
3.77
1.10
2.29
3.71
4.51
4.03
3.27
1.00
3.55
1.22
3.77
1.01
2.45
2.76
4.90
1.01
1.01
3.32
5.02
4.21
1.11
1.16
1.01
1.00
1.00
3.40
3.64
2.87
3.60
1.08
1.01
4.64
4.34
0.97
4.26
2.78
2.19
4.51
4.65
1.84
1.00
1.85
4.21
1.20
3.65
3.83
1.75
4.52
4.49
4.61
3.00
3.46
1.02
2.09
4.15
4.69
1.00
1.36
4.09
4.69
1.01
3.87
1.86
4.15
4.25
1.06
3.66
2.90
1.54
1.27
1.01
1.53
4.91
2.85
1.64
0.99
2.11
1.01
3.82
1.58
1.41
1.20
4.82
1.00
4.41
3.86
1.59
2.27
1.97
2.92
1.59
2.35
3.92
4.32
3.49
4.11
5.02
2.26
4.31
3.07
4.58
4.57
3.13
1.01
4.30
3.55
4.33
1.31
4.69
1.01
2.56
1.01
4.47
3.83
1.01
4.27
4.56
4.26
3.94
1.01
4.85
4.78
4.98
4.61
3.94
5.02
1.02
1.55
2.68
1.44
1.65
1.00
3.29
1.64
4.81
3.94
1.04
4.57
3.42
3.58
4.99
1.24
3.24
4.91
2.65
2.82
1.01
3.58
1.06
0.99
4.67
0.98
1.00
3.32
3.37
2.40
1.01
2.04
2.77
1.97
1.38
1.23
0.99
1.00
3.03
3.68
3.87
4.27
2.96
1.04
4.53
4.61
1.74
1.00
1.00
4.90
4.54
4.18
1.35
1.68
4.27
3.88
1.46
1.12
1.01
3.68
1.99
3.85
4.15
3.95
3.90
3.99
3.59
3.64
2.42
1.59
2.15
4.44
3.56
4.97
4.86
3.51
1.00
1.14
1.02
4.51
3.11
2.95
1.21
1.79
4.61
4.74
1.25
4.09
3.79
0.97
1.11
1.77
4.90
3.73
2.00
4.46
4.30
1.83
4.40
2.85
1.35
3.73
4.98
3.48
0.99
1.59
4.75
2.92
1.48
4.08
1.01
3.53
4.13
4.28
2.07
1.46
4.71
1.99
4.83
0.99
2.12
4.19
3.48
1.54
1.02
1.01
0.99
3.55
1.81
4.29
1.81
1.03
1.00
4.13
1.16
4.76
4.70
0.99
0.99
4.75
3.51
1.00
3.69
4.97
1.00
1.01
4.73
3.60
1.54
2.57
2.07
4.14
1.00
2.60
4.59
4.37
3.43
2.21
2.34
4.91
4.19
1.00
4.04
4.25
4.26
4.15
2.84
2.97
3.06
1.33
0.99
4.32
1.24
3.74
2.26
3.76
3.71
3.86
1.06
4.43
3.88
1.08
3.95
4.72
4.15
2.31
4.67
3.55
2.78
4.85
4.02
1.02
4.33
1.61
1.00
1.01
1.03
0.99
4.56
2.10
2.40
1.02
1.16
1.32
2.44
4.45
1.00
3.25
1.01
1.60
1.02
1.07
2.57
2.93
2.34
2.28
4.08
1.33
1.01
3.24
1.00
1.02
1.00
4.52
4.52
2.52
4.26
4.62
2.63
4.15
2.67
3.48
1.01
3.37
3.34
1.57
4.47
2.47
4.09
1.09
4.29
0.99
3.08
4.98
3.55
1.52
1.01
3.09
1.19
2.27
1.11
4.85
3.56
1.09
0.97
4.61
3.68
1.06
4.67
1.18
1.02
3.84
2.62
1.33
1.01
4.35
2.64
4.47
4.68
1.43
4.84
1.01
1.25
4.27
1.10
3.28
3.94
4.24
1.04
3.11
3.00
2.39
4.11
1.00
1.00
4.59
0.94
2.69
2.08
4.51
4.15
3.86
3.71
3.34
4.50
2.88
1.01
1.01
1.06
4.63
4.90
4.65
4.07
1.00
4.22
3.47
1.00
1.00
4.60
1.12
3.25
2.23
1.22
1.29
4.32
3.59
1.01
4.46
2.68
1.00
3.27
2.08
3.54
1.03
2.84
1.32
1.47
4.71
4.78
3.69
1.09
4.54
2.29
4.18
1.83
3.94
1.03
2.10
4.51
1.01
2.51
2.58
1.35
1.05
1.00
1.01
1.01
3.59
4.25
1.01
1.16
2.66
2.27
1.03
4.15
1.07
3.17
3.46
1.01
5.27
4.65
1.00
1.00
4.83
1.46
3.05
3.37
3.35
4.02
1.52
4.63
4.26
4.58
2.00
3.31
2.72
3.64
1.00
3.61
4.25
2.33
1.06
1.01
4.01
1.67
1.49
4.71
1.04
3.45
4.50
3.91
1.01
1.00
4.11
3.92
4.13
1.62
0.99
3.79
1.05
1.01
2.35
1.01
3.26
0.99
3.81
2.04
5.07
4.81
1.01
1.01
4.21
4.10
3.55
1.01
3.88
1.52
4.17
2.97
4.73
4.08
1.04
4.35
3.30
1.83
3.76
1.01
4.24
4.91
2.43
1.28
3.45
2.16
1.21
4.45
1.00
1.01
2.63
3.39
4.19
5.09
4.00
1.76
1.01
4.31
1.00
3.18
1.50
1.03
1.74
3.43
3.06
1.01
3.75
3.91
1.00
4.08
1.01
4.35
1.01
3.36
1.00
1.00
2.72
4.55
1.08
3.39
4.83
3.82
3.54
5.14
1.01
2.19
5.20
3.43
1.12
1.10
2.26
4.67
2.08
1.05
5.07
4.53
1.00
3.02
1.00
3.62
3.97
4.72
2.80
4.38
1.19
4.07
4.71
4.29
2.51
4.55
3.82
1.17
1.02
3.82
2.14
3.91
4.35
3.19
4.67
4.63
4.46
4.35
4.53
4.16
3.49
1.00
4.97
3.21
4.61
4.43
1.28
3.16
1.06
4.00
0.99
4.96
3.63
3.47
4.49
4.53
1.01
3.58
1.00
1.01
3.95
4.84
4.42
4.43
5.13
2.19
2.52
2.81
2.28
4.56
1.01
2.41
2.33
4.24
3.98
4.81
4.58
4.89
1.62
4.54
3.77
2.14
4.79
1.48
1.71
4.37
3.56
3.01
1.01
2.65
4.30
4.11
1.01
2.46
1.26
1.21
1.38
4.68
2.61
4.92
1.54
2.10
2.57
2.98
1.02
2.80
3.84
2.40
2.01
1.01
1.00
4.41
4.02
1.40
1.23
4.42
1.08
4.23
3.54
1.01
1.33
3.95
2.86
4.02
1.00
4.54
3.80
1.58
1.01
4.53
3.30
4.41
2.61
4.39
4.57
4.80
3.98
4.73
1.00
2.09
3.89
1.31
4.52
2.03
2.44
2.66
5.12
1.01
1.01
4.84
3.41
2.35
4.61
2.20
1.00
2.75
2.85
2.18
2.09
4.82
0.99
1.00
1.01
3.63
1.00
3.30
4.70
1.00
1.04
3.48
2.44
4.85
4.33
1.01
2.78
3.99
1.00
1.52
2.81
1.13
3.19
3.82
3.37
1.67
3.49
1.01
0.98
4.56
1.51
1.05
5.07
1.04
4.39
1.01
0.99
3.76
1.03
3.52
1.32
1.00
4.06
1.70
1.00
0.98
2.06
3.41
4.16
4.24
4.78
3.91
1.01
2.20
4.67
4.17
4.11
2.36
4.14
2.61
1.79
1.01
3.24
1.01
4.37
1.52
1.01
1.05
1.45
4.33
1.00
4.61
1.01
4.42
1.07
1.03
2.19
3.30
5.22
3.41
2.91
3.41
1.03
1.02
4.86
1.00
4.08
1.20
1.01
1.69
3.12
1.48
5.17
1.53
1.00
3.45
3.62
4.53
2.81
1.04
4.22
1.68
3.60
3.69
4.16
1.16
4.27
1.01
4.94
4.65
1.00
4.94
1.00
1.01
4.33
3.83
1.00
3.52
2.62
4.10
2.11
4.76
4.08
1.10
0.99
1.98
4.57
1.29
1.02
1.03
3.76
1.17
4.02
1.00
4.21
4.52
3.25
1.10
3.82
4.18
4.63
4.58
3.95
1.54
3.90
3.48
0.99
1.54
2.32
4.36
2.82
4.27
1.09
3.44
3.53
2.64
4.84
1.00
4.83
1.02
1.02
2.78
2.29
4.81
3.33
4.76
3.97
4.57
1.07
1.00
1.81
1.32
1.87
3.64
3.07
4.41
4.02
1.10
1.44
4.71
2.93
1.95
4.36
3.01
1.20
1.93
2.76
4.17
4.21
3.62
1.76
3.67
1.33
4.36
1.12
2.08
3.25
2.31
1.45
3.47
4.07
4.16
1.02
3.80
4.14
1.98
1.00
3.30
0.99
1.85
3.06
4.17
2.32
3.56
4.07
2.65
1.28
4.50
1.03
4.04
4.84
3.20
1.06
2.28
1.14
1.28
1.00
3.14
4.69
1.00
4.01
4.47
1.01
1.01
1.32
1.01
4.45
3.58
4.18
3.02
4.81
2.30
3.22
4.64
1.09
3.60
1.01
4.67
4.08
2.24
0.99
1.00
4.39
3.39
1.04
1.34
4.78
3.50
4.71
4.67
3.78
4.85
3.48
4.28
1.00
4.51
4.28
3.67
5.02
1.06
3.00
3.95
4.29
1.00
1.01
1.05
1.69
1.22
1.01
4.10
1.09
3.99
3.20
0.99
4.16
1.00
2.17
1.19
2.60
3.80
1.01
3.11
1.08
1.89
4.44
4.01
3.13
4.08
1.01
1.29
5.01
4.15
1.00
2.14
1.96
1.01
1.01
3.63
4.69
3.60
2.20
1.16
3.50
1.02
2.91
1.53
4.36
3.37
3.84
1.72
2.43
3.73
4.37
3.28
1.01
1.01
3.42
2.85
3.76
2.15
3.73
0.98
1.02
1.03
2.49
1.37
1.93
0.99
3.16
3.85
4.55
3.99
4.36
3.59
2.17
3.68
2.64
4.76
1.00
4.04
1.86
2.92
0.98
2.88
1.07
1.00
1.01
4.96
4.09
1.01
4.02
3.24
4.93
1.00
4.10
3.32
1.93
1.11
1.27
1.04
1.78
0.99
1.08
3.14
1.81
3.82
4.66
4.09
1.01
1.79
4.16
1.01
3.47
1.02
2.12
1.06
1.75
4.89
4.53
4.43
1.97
1.87
4.24
3.64
1.03
4.86
3.89
4.97
3.27
4.52
3.51
2.76
3.50
1.00
4.61
1.01
3.36
1.19
1.01
3.74
4.77
2.36
3.48
2.79
4.31
2.32
1.00
4.10
4.07
3.31
5.00
1.00
2.86
5.03
1.05
4.71
1.44
4.58
1.00
1.09
4.76
5.04
3.76
1.00
2.60
1.00
2.93
4.96
1.01
4.96
1.00
1.01
1.01
4.60
3.87
1.00
2.78
4.78
1.01
0.98
4.22
2.98
4.89
1.00
1.50
4.04
4.30
1.73
2.10
2.36
2.01
3.60
3.91
1.00
4.10
2.40
1.00
2.12
2.71
3.62
4.36
4.71
4.16
1.50
1.01
3.77
4.91
4.34
1.01
4.25
1.23
3.79
2.79
4.23
4.71
4.00
3.47
4.04
2.64
4.89
4.96
1.76
2.56
3.50
4.09
1.00
1.01
4.20
2.54
3.13
4.38
4.21
3.35
1.00
4.41
3.81
1.01
1.10
1.42
3.79
2.66
4.20
3.89
4.40
3.68
4.07
2.21
2.46
1.01
3.19
4.54
3.38
2.26
3.38
4.21
3.41
4.36
4.04
2.84
4.95
3.73
1.67
3.53
3.74
4.07
1.00
3.64
4.09
1.97
1.01
1.02
4.37
1.08
1.00
2.78
4.69
3.47
1.03
4.71
1.36
3.10
2.05
4.01
1.57
1.37
1.01
4.45
2.14
3.58
3.87
0.99
4.86
3.74
1.21
1.83
1.72
1.01
4.25
1.91
1.96
1.00
4.11
1.01
1.78
1.00
1.00
2.90
2.30
1.00
1.86
1.00
3.17
5.03
4.18
4.48
4.36
1.03
4.64
2.06
3.94
0.99
4.83
0.99
2.45
4.32
4.92
1.39
3.62
2.90
3.97
3.78
1.52
3.25
2.92
2.08
4.27
1.19
4.39
1.01
4.11
4.54
1.33
3.34
1.33
1.00
1.00
3.85
4.84
4.86
1.10
3.22
3.89
2.89
4.50
1.70
2.97
4.80
4.58
4.86
3.86
3.88
2.77
2.59
2.08
1.45
3.39
4.79
2.73
1.47
1.60
2.26
1.00
5.01
4.13
1.83
2.64
4.85
0.99
3.32
5.01
2.40
2.04
4.09
1.01
2.79
2.85
1.07
4.52
4.09
4.14
1.41
2.33
1.10
4.67
4.20
2.26
4.11
4.74
3.61
2.46
1.01
5.01
3.40
2.16
1.55
1.00
1.12
4.91
3.23
3.16
3.13
3.13
0.99
3.58
2.10
2.72
3.00
2.28
1.00
2.28
1.01
1.88
2.71
4.12
3.72
1.99
3.73
2.94
4.01
3.73
2.24
3.17
1.02
4.38
1.27
1.16
5.06
4.32
1.02
4.25
4.09
4.05
1.01
4.94
4.07
4.62
4.62
1.98
2.89
2.98
1.02
2.11
1.12
2.53
1.01
3.46
1.80
1.02
2.52
2.53
1.00
4.82
2.74
3.93
3.69
1.70
1.34
4.80
2.96
1.07
2.71
4.00
1.62
1.38
3.57
3.87
1.12
4.02
4.08
1.39
2.67
2.80
4.41
4.98
4.37
1.57
3.23
5.00
3.17
2.00
4.06
3.43
3.97
4.64
4.26
4.99
2.15
1.14
4.65
3.57
3.91
4.74
3.61
4.17
4.71
1.13
1.81
1.75
4.43
2.80
4.70
4.36
1.05
4.57
2.04
1.00
1.01
4.40
4.06
4.88
1.00
3.81
1.00
3.18
1.00
4.77
1.20
1.69
4.39
5.05
3.68
1.02
1.01
1.11
4.54
3.81
3.24
4.75
3.88
1.03
4.73
1.01
3.94
0.99
1.22
1.44
2.04
1.10
1.57
1.00
1.51
4.92
4.89
4.68
4.81
0.99
4.35
4.74
4.23
4.87
4.05
4.62
0.99
1.14
3.71
2.64
1.05
4.75
4.07
4.22
1.04
4.69
4.46
1.04
1.55
4.38
3.62
1.91
1.33
3.78
3.75
3.67
4.38
1.01
2.78
4.40
4.51
3.33
4.15
3.47
4.07
2.63
3.01
1.01
1.38
4.12
4.65
1.19
4.60
4.15
3.65
4.91
2.92
4.99
1.00
3.44
3.02
1.06
4.63
3.61
3.93
3.35
1.04
4.14
2.26
1.00
1.03
1.01
4.64
3.41
4.57
1.00
2.97
1.38
3.41
1.00
1.00
2.24
1.29
3.33
1.02
1.09
3.67
0.99
2.07
3.68
1.53
4.41
4.27
4.15
4.79
3.88
2.42
3.80
1.66
1.44
4.66
3.05
1.77
2.35
4.28
4.53
1.01
3.73
4.25
3.02
2.93
1.00
3.82
4.01
1.66
1.72
2.30
1.06
1.06
3.52
3.28
4.74
1.54
4.78
3.88
1.01
0.98
3.80
4.34
1.01
2.88
4.91
1.03
1.00
1.00
1.10
1.18
3.13
1.00
1.01
3.60
1.97
0.98
1.01
3.89
1.05
1.95
1.00
1.74
4.11
2.57
1.64
2.01
5.08
3.96
3.71
2.85
3.36
5.01
4.95
2.38
1.00
4.71
3.58
1.03
3.77
1.79
4.71
3.58
1.02
2.75
1.71
3.94
2.85
1.00
1.04
2.92
1.08
2.74
2.81
1.03
3.91
3.52
1.64
1.75
2.59
3.14
3.96
4.77
4.10
1.05
1.01
1.01
3.13
2.80
4.22
3.93
2.80
1.00
5.17
3.74
5.00
1.07
3.65
3.75
4.77
1.55
1.04
1.00
2.70
1.93
2.37
3.60
3.76
2.51
4.37
4.72
1.29
3.36
3.99
2.61
4.41
4.16
4.61
1.00
1.88
1.01
0.99
1.43
1.00
2.93
4.65
4.95
1.00
2.66
4.19
1.00
2.34
4.16
3.57
0.97
1.34
1.37
4.07
2.30
2.29
2.78
3.62
3.49
2.87
2.17
1.03
4.48
3.69
1.58
1.39
1.36
4.44
4.14
3.94
1.06
1.53
2.30
4.06
1.10
1.04
4.60
2.26
4.10
4.19
2.21
3.14
1.00
4.68
4.51
4.74
4.82
3.63
1.60
4.67
4.19
2.72
1.70
1.01
4.05
4.72
1.09
2.74
3.65
1.01
2.78
4.77
1.00
4.69
4.43
1.00
3.82
2.83
4.62
2.87
3.00
4.29
1.75
3.54
5.08
3.76
3.73
1.04
4.50
4.66
1.30
2.36
4.27
1.35
1.00
2.67
1.48
1.00
3.16
4.17
3.86
4.57
1.82
2.88
3.82
3.07
1.19
1.05
1.56
4.08
4.62
1.00
1.02
2.29
1.01
4.41
2.46
2.55
0.99
1.16
1.00
1.01
4.14
3.38
2.66
1.44
4.06
1.07
4.86
3.28
2.83
4.64
3.65
1.68
2.09
1.01
1.12
0.99
1.05
5.02
3.99
2.31
1.54
3.54
1.04
4.32
3.02
4.62
1.36
1.77
4.00
1.00
4.60
2.98
3.15
4.61
1.64
4.62
3.19
4.32
1.02
3.68
1.65
3.72
2.54
4.52
4.60
2.23
0.99
4.85
1.93
2.10
3.84
1.11
1.14
4.89
4.86
5.00
1.02
4.69
3.87
1.00
5.01
1.40
4.83
1.00
4.90
2.50
4.35
4.09
2.58
2.72
2.16
1.27
1.93
1.46
3.79
3.07
3.87
1.49
3.54
4.60
1.07
2.94
1.71
2.74
3.88
2.98
3.97
1.53
4.36
3.42
4.27
1.04
2.10
1.00
4.39
4.76
1.01
4.41
0.98
1.41
1.23
3.92
1.01
4.53
1.14
3.66
2.82
0.99
4.34
4.06
1.00
3.51
4.45
0.99
4.90
1.01
1.01
1.52
4.60
1.00
4.63
4.18
3.80
1.00
4.65
4.62
1.37
4.56
3.92
4.56
1.18
2.75
3.11
2.02
1.00
1.61
3.76
4.72
1.81
4.34
4.71
2.35
4.78
3.88
1.02
4.81
1.12
3.04
3.74
1.98
2.99
4.56
1.15
3.68
4.09
5.05
3.87
3.76
3.02
1.58
4.68
2.26
1.01
4.87
4.62
1.00
4.54
4.27
1.00
1.14
1.00
3.14
4.94
3.45
4.04
1.68
3.11
2.31
3.42
3.98
1.45
4.08
3.86
1.02
2.86
1.02
3.44
2.10
1.25
2.87
3.83
1.82
4.07
2.85
5.03
1.02
2.19
1.01
4.72
4.06
2.33
1.00
3.55
2.66
4.26
1.21
2.47
2.98
4.49
4.69
1.00
2.41
1.65
4.35
1.75
1.43
4.00
1.00
3.67
2.52
3.08
4.61
1.17
4.01
2.91
2.28
1.02
2.38
4.28
1.00
1.00
2.77
3.39
4.05
2.14
4.96
4.21
1.89
0.99
0.98
1.02
4.05
1.92
3.26
1.85
1.13
4.47
3.03
1.00
4.95
2.06
1.00
1.00
3.34
3.76
1.19
4.62
1.00
1.43
3.98
4.59
2.03
4.90
4.72
4.20
4.33
3.30
4.98
3.22
1.01
1.00
3.65
2.50
1.35
4.29
1.03
1.01
2.36
4.23
2.58
1.90
1.03
4.61
1.14
1.96
4.66
1.05
1.46
4.75
1.44
4.98
3.42
3.66
3.16
2.93
1.01
1.07
4.42
1.00
4.53
4.03
2.58
4.89
4.30
1.01
4.73
1.01
1.00
4.53
4.82
1.00
1.01
1.08
3.61
2.70
1.07
4.68
5.03
4.78
3.60
2.05
4.94
3.24
4.05
4.25
1.43
4.53
4.30
2.77
2.76
4.27
1.46
1.03
3.80
3.34
1.01
3.55
1.00
1.14
3.03
4.28
4.04
1.02
3.22
1.25
3.79
3.11
4.54
3.79
1.00
1.01
2.60
1.08
1.06
1.01
1.12
0.99
1.00
2.59
1.01
3.29
3.78
2.57
1.55
1.17
4.07
4.13
1.05
1.47
3.88
1.23
3.69
4.99
2.39
1.38
4.14
4.33
4.62
3.10
2.12
1.00
1.85
4.85
0.99
4.72
3.79
1.00
4.20
1.02
2.86
0.99
4.02
4.82
1.15
3.27
1.55
1.01
4.75
0.99
1.02
3.78
1.62
1.77
3.23
3.71
1.01
1.00
3.33
3.66
2.48
1.05
1.37
4.78
4.33
1.36
3.98
1.01
4.23
3.07
1.00
1.08
1.24
1.86
1.00
1.01
1.48
2.73
1.38
4.27
2.14
1.00
5.00
3.77
1.26
0.98
3.56
4.53
2.67
3.52
4.48
4.30
1.01
4.10
4.27
2.97
2.18
3.07
3.74
1.35
2.24
4.17
1.01
3.06
1.22
3.74
3.49
1.12
0.97
4.41
2.07
4.44
2.58
1.18
3.25
1.00
2.59
4.93
3.66
4.32
3.51
4.28
1.94
2.12
4.20
2.24
5.14
4.39
1.85
1.01
1.00
3.43
4.16
4.44
3.12
1.07
2.09
4.12
3.53
1.03
1.36
3.28
3.40
1.00
3.47
4.70
1.02
1.81
1.03
1.00
4.46
4.95
4.23
1.63
3.39
1.31
4.02
1.82
2.60
4.49
4.83
1.63
4.61
4.01
2.84
4.36
4.69
2.51
1.77
3.18
4.77
1.02
3.84
3.48
4.25
1.00
1.87
0.99
3.08
1.00
3.80
1.89
0.99
3.13
1.49
3.71
1.05
3.75
2.33
1.02
4.49
1.01
3.62
4.12
3.96
3.30
1.01
5.04
1.88
1.76
1.40
3.73
4.07
3.93
2.03
3.72
4.04
3.18
2.59
2.41
1.01
2.94
4.72
1.59
5.00
1.01
1.01
1.01
1.48
4.56
2.29
1.69
1.05
3.01
2.63
1.01
3.62
1.77
4.59
3.72
3.94
2.05
1.01
4.45
3.16
1.21
1.00
3.10
4.00
1.02
4.21
2.55
2.13
1.04
1.40
3.61
1.07
0.99
1.01
1.02
4.85
3.71
1.08
3.40
1.07
4.85
3.29
1.14
4.50
4.12
1.25
1.24
2.27
2.15
1.23
1.14
3.93
2.83
1.00
1.00
3.85
1.23
4.00
2.76
4.47
1.01
1.02
2.65
3.23
4.67
2.99
3.66
1.14
2.00
4.76
2.09
4.15
3.56
1.37
1.63
1.38
1.93
2.72
3.29
1.00
1.00
5.10
1.06
4.33
1.00
1.59
3.99
3.26
4.04
4.13
1.21
4.42
1.60
4.56
3.05
1.00
4.38
3.44
1.35
4.67
4.26
4.73
1.00
1.08
2.00
1.02
1.01
2.97
4.13
4.10
1.01
3.64
2.64
2.66
1.01
4.87
1.01
1.09
4.74
1.01
3.59
4.36
3.75
1.92
2.15
4.77
1.08
1.62
1.01
1.00
1.69
1.00
4.16
1.08
3.64
1.74
3.89
3.99
3.70
2.87
3.65
4.57
1.01
1.02
4.03
3.70
3.00
1.01
1.01
2.23
4.88
1.06
4.47
3.78
5.08
1.07
4.52
4.08
4.57
4.27
4.20
4.54
2.74
3.93
1.92
5.06
1.00
0.99
3.60
1.01
1.39
1.08
1.04
1.73
1.01
2.69
4.36
1.03
1.00
4.91
1.01
2.13
4.63
4.39
4.35
1.02
3.95
4.42
3.02
2.72
1.22
4.45
3.10
1.00
1.00
3.59
3.49
4.72
3.33
1.93
1.01
1.34
2.07
2.27
3.10
3.90
1.63
1.63
3.38
3.66
1.77
1.01
3.50
4.39
2.94
1.11
1.00
1.01
1.93
3.51
3.24
4.64
3.79
2.46
4.54
3.22
0.97
1.37
4.08
4.29
1.00
4.30
1.01
2.04
2.44
4.60
3.76
1.01
3.99
1.00
3.39
1.05
0.99
0.99
1.37
4.51
1.21
3.42
0.99
2.93
4.61
1.01
3.84
5.09
3.31
1.01
4.42
4.46
1.01
1.00
3.92
1.37
2.13
1.65
1.11
4.32
3.86
2.89
3.72
4.82
4.17
1.00
1.03
3.64
4.08
4.26
1.40
5.10
0.99
5.05
1.00
4.57
1.03
3.60
1.39
1.72
2.06
4.06
4.32
4.20
1.35
3.78
1.01
3.59
2.09
1.04
4.58
4.13
1.61
3.87
4.65
4.06
4.08
3.61
3.84
4.51
1.00
1.01
1.01
3.37
2.08
3.37
3.56
3.36
1.41
1.00
4.40
3.31
0.99
1.80
4.83
2.47
1.01
1.27
3.86
1.91
4.79
4.38
4.69
4.04
1.02
1.35
3.22
1.07
1.00
4.24
4.05
4.53
4.17
0.99
1.01
3.24
2.12
1.97
1.84
3.42
1.28
4.78
3.80
4.14
5.35
1.01
4.51
1.02
4.44
4.68
4.74
3.05
1.00
3.60
1.05
3.91
1.25
4.13
1.40
4.39
4.49
1.01
3.64
1.02
1.00
3.27
4.45
3.64
3.82
1.25
1.00
1.30
1.00
1.62
3.36
1.01
4.13
1.02
4.43
1.00
4.36
2.80
1.12
1.00
3.76
1.31
1.02
4.46
2.68
1.13
1.24
2.45
3.81
1.01
1.00
2.57
3.30
3.95
4.26
1.36
4.17
4.37
4.20
3.58
1.00
3.78
4.65
2.34
3.32
1.76
1.00
4.74
3.77
1.02
1.60
1.00
4.75
0.99
4.21
3.28
1.49
1.01
1.00
4.43
1.02
3.43
2.26
1.01
4.68
4.00
3.88
3.02
3.84
1.02
4.86
3.63
2.65
4.86
1.01
4.32
1.01
1.01
2.83
2.92
2.42
1.85
1.02
1.13
4.61
4.52
3.03
3.93
4.38
4.30
1.01
1.01
3.87
4.99
3.42
1.01
3.90
1.45
3.88
1.10
3.80
0.99
3.57
1.89
3.69
1.00
1.22
1.01
4.40
4.19
1.02
1.52
1.01
3.76
3.29
2.87
3.78
5.12
4.34
2.89
1.00
3.93
4.17
3.53
4.73
1.94
2.83
4.41
1.01
3.41
1.00
1.69
4.10
2.52
3.18
4.23
3.78
1.00
4.68
1.01
2.18
3.57
3.64
2.51
1.26
3.23
1.02
3.30
3.80
1.04
1.00
3.41
1.04
1.00
2.03
4.29
1.01
3.42
3.01
1.02
2.09
1.06
4.54
3.56
1.26
4.81
1.03
1.03
3.88
4.35
3.57
4.67
1.41
1.86
2.85
4.91
5.05
3.59
3.77
1.24
2.96
4.71
3.92
4.48
4.86
4.94
4.24
2.60
1.01
4.65
4.64
1.29
1.02
1.01
1.00
4.38
4.74
3.74
4.46
4.55
1.00
1.01
1.80
1.02
1.48
3.68
3.59
1.49
2.47
1.00
2.81
4.97
1.00
1.00
1.68
1.32
1.01
3.15
4.59
3.07
4.59
1.01
1.01
1.00
3.60
2.35
1.00
1.88
4.15
3.98
3.30
4.67
4.35
2.04
2.89
4.94
1.02
5.07
1.06
1.00
3.18
4.36
3.62
3.71
1.68
1.01
1.10
1.05
1.00
2.99
4.76
1.85
1.84
3.41
4.07
4.35
3.28
3.97
4.03
4.64
4.35
4.82
1.03
1.04
1.00
4.37
2.78
1.79
2.54
2.48
2.93
1.49
4.70
4.35
2.62
1.00
1.00
1.00
4.44
4.50
2.16
4.24
4.31
3.76
1.00
4.09
2.75
4.93
1.01
2.02
2.03
4.06
1.01
1.07
3.98
3.04
3.12
1.34
4.14
3.51
4.49
3.75
3.82
4.74
4.05
4.30
4.13
3.64
4.19
3.41
1.01
5.04
2.45
1.14
3.81
0.99
1.46
4.20
1.65
1.01
4.09
4.37
4.89
4.68
3.22
2.80
1.01
4.53
4.70
4.03
1.71
4.97
5.05
3.10
2.54
4.62
4.68
4.32
1.11
1.97
3.18
1.00
2.56
3.10
1.03
4.19
4.13
1.96
3.71
4.72
4.45
1.00
1.00
1.00
4.14
0.99
3.83
1.01
1.11
1.49
3.82
4.59
1.01
1.11
1.00
0.99
4.43
1.00
2.18
4.75
1.35
0.99
2.70
1.00
1.00
4.90
4.94
4.86
5.19
1.01
2.57
2.67
4.21
3.55
4.86
4.31
1.04
3.91
4.96
4.77
4.39
1.87
3.62
4.68
4.62
1.01
1.07
1.01
4.38
1.01
4.83
3.35
4.01
4.32
2.10
0.99
1.44
2.99
1.77
1.00
4.02
1.05
2.75
3.28
4.03
1.01
1.02
3.02
4.90
3.20
3.48
1.71
2.60
4.81
1.05
3.99
1.07
1.01
1.01
4.26
3.76
3.69
1.08
4.22
1.06
2.21
4.03
4.05
2.93
3.37
1.09
3.86
4.63
4.37
3.78
3.36
3.92
1.00
3.30
3.86
2.80
1.06
4.71
1.01
3.11
3.75
1.80
3.61
0.99
2.95
3.82
3.73
1.00
4.12
2.56
2.65
1.10
0.99
1.02
4.74
1.01
1.00
4.28
2.13
2.75
4.50
3.82
1.00
3.85
4.39
3.60
3.53
0.99
1.00
1.79
4.24
1.00
4.76
3.95
1.00
1.07
1.57
1.26
3.97
1.14
4.75
4.02
1.00
1.00
3.94
3.16
1.93
2.61
1.29
4.41
4.56
3.52
3.25
4.30
1.02
1.07
1.95
4.09
3.98
3.89
1.99
0.98
1.97
4.31
3.24
1.01
4.87
4.26
5.10
3.19
1.46
3.71
1.66
4.94
2.85
3.66
4.15
4.94
1.97
3.60
4.98
1.25
1.01
3.90
1.00
4.11
1.03
1.04
4.67
1.23
4.01
4.78
4.48
5.07
1.08
4.23
1.01
3.28
1.00
1.45
4.75
4.81
4.70
1.73
4.57
4.93
2.44
1.00
1.70
1.00
1.02
2.67
1.07
1.12
4.29
3.73
2.68
1.01
4.48
3.99
1.75
1.02
1.11
1.11
3.76
4.26
2.54
4.32
4.16
1.01
1.90
4.10
3.79
2.13
1.00
1.59
4.75
2.27
3.86
3.65
4.36
4.66
4.82
2.39
4.18
3.79
4.72
1.90
2.94
4.86
3.44
1.19
4.28
1.00
1.29
3.78
1.24
3.74
1.01
4.01
1.00
3.09
3.22
1.00
1.05
4.27
3.95
1.94
4.05
1.00
1.01
4.24
3.94
3.33
1.01
2.30
4.84
4.07
4.20
3.18
2.19
4.69
2.73
3.66
4.03
1.01
3.77
1.00
2.53
1.46
1.17
4.07
2.75
4.30
1.37
1.78
4.10
4.39
3.88
3.82
3.62
1.03
4.43
1.01
2.10
4.53
2.86
1.90
3.13
3.83
5.15
0.99
1.01
1.00
2.57
4.28
5.03
1.00
4.32
0.99
4.41
3.61
4.88
4.86
1.36
5.06
3.58
3.79
4.92
1.18
1.01
1.66
1.93
4.30
1.00
4.06
3.15
4.05
4.43
4.70
1.57
2.33
1.21
3.82
1.09
1.00
1.60
1.54
1.03
3.06
5.05
3.17
2.51
1.20
1.02
1.52
2.33
1.93
3.57
1.00
2.59
2.98
1.01
1.00
4.73
2.79
4.51
4.87
2.50
2.94
4.43
3.23
3.94
2.12
4.54
4.07
3.81
4.19
4.22
3.04
1.60
2.40
3.10
4.03
4.93
4.60
3.17
3.61
1.01
1.00
2.84
4.35
4.48
1.26
3.60
3.90
3.07
1.02
3.77
4.33
1.00
4.43
2.28
3.44
1.72
4.15
1.01
1.02
4.16
1.00
4.27
4.63
4.96
1.18
4.36
1.46
1.02
2.61
1.61
4.27
3.94
4.36
5.01
1.01
1.02
4.43
4.61
3.21
1.00
4.56
3.56
1.01
4.97
1.93
4.09
2.66
1.21
1.85
1.01
1.83
1.00
4.94
3.95
4.80
1.00
1.54
1.25
2.92
4.14
3.41
1.65
1.00
5.00
1.39
1.01
4.88
1.15
3.01
1.21
1.01
1.00
3.69
2.91
3.99
4.43
1.33
3.22
3.57
1.03
1.01
1.09
3.63
1.88
3.81
1.00
2.41
1.00
4.13
0.99
0.99
1.01
1.15
1.38
4.03
3.37
1.79
3.91
1.94
1.24
1.00
3.91
1.00
1.07
4.65
4.82
1.21
2.58
4.27
4.15
1.99
4.62
1.92
1.00
4.72
4.07
4.79
4.13
5.03
3.65
3.63
1.02
1.82
1.33
3.16
4.39
2.91
1.01
4.14
2.86
3.01
1.27
4.64
3.54
1.75
2.35
5.03
1.00
1.07
4.25
3.94
4.64
4.36
3.53
1.67
1.51
1.00
1.00
4.15
1.02
4.37
1.00
2.03
1.00
4.41
5.03
1.00
4.94
4.75
4.13
4.91
3.67
4.59
1.68
3.65
4.65
2.66
1.58
4.34
1.69
3.72
1.01
4.28
3.99
3.56
3.65
2.72
4.80
3.67
4.89
2.90
1.04
4.27
4.10
1.01
3.01
3.78
3.52
3.43
4.01
4.70
3.73
3.33
4.90
3.17
1.01
1.07
4.35
1.01
1.17
1.05
3.30
3.52
1.02
4.54
1.12
1.86
1.10
3.25
1.71
4.54
4.81
1.37
4.10
3.96
1.00
2.05
4.91
3.67
4.03
2.42
4.41
4.18
1.78
3.97
1.05
1.16
3.84
3.35
4.50
2.57
1.00
3.32
5.01
3.83
4.92
2.45
2.94
3.15
2.57
1.03
4.14
3.39
3.99
3.46
4.96
1.00
2.40
2.12
4.12
1.07
3.41
3.22
2.00
1.12
3.80
1.45
1.00
1.01
1.02
1.01
1.00
4.89
4.97
4.39
4.12
1.00
3.08
4.82
4.45
2.19
4.11
3.67
1.13
1.00
4.90
1.39
1.00
3.97
3.17
1.01
4.42
4.63
2.63
4.39
2.85
3.98
1.01
1.00
4.84
1.24
1.25
1.01
3.30
1.23
1.01
1.02
1.00
4.51
4.86
1.61
1.08
1.01
4.04
4.31
4.05
4.68
4.32
4.42
1.02
1.00
4.96
1.00
4.30
4.54
4.33
2.33
3.38
3.91
3.28
1.48
0.99
3.08
1.23
1.16
3.42
3.65
1.00
1.27
3.47
1.97
1.34
1.02
1.00
1.17
1.00
1.06
1.72
2.00
1.02
4.85
2.90
1.01
4.34
3.77
1.01
3.40
1.00
4.45
2.55
2.81
1.01
0.99
1.00
4.59
2.62
1.64
0.99
4.68
4.78
1.02
1.40
1.73
4.22
5.16
2.09
4.57
3.89
1.84
2.91
3.60
2.13
1.01
3.83
4.16
2.70
1.01
4.01
4.57
1.32
1.02
1.22
3.57
1.01
4.70
3.66
1.00
3.49
2.64
2.42
4.79
3.72
1.42
1.00
1.00
1.01
2.75
1.26
2.79
2.05
1.04
4.00
2.02
4.43
1.05
5.06
3.86
4.15
2.31
2.58
2.23
1.01
1.82
1.01
4.64
3.35
0.99
1.14
4.14
1.08
1.00
1.00
1.01
1.35
4.99
1.03
1.03
3.24
3.06
1.01
3.44
2.91
2.83
1.00
4.48
3.79
1.08
1.00
2.44
1.95
3.82
2.33
0.99
4.16
4.18
3.40
2.20
2.47
1.28
4.72
5.07
1.02
4.05
4.78
4.42
1.43
4.20
4.80
1.04
4.12
1.02
1.01
2.85
1.05
3.38
4.14
3.92
2.36
0.98
3.67
4.67
2.17
2.94
3.28
4.31
3.71
4.91
0.99
2.25
1.01
0.99
1.58
3.91
4.61
4.29
3.78
4.54
1.03
4.78
1.94
2.00
1.23
1.05
3.64
4.58
4.04
1.15
4.17
4.14
2.74
1.11
3.96
3.99
4.04
1.00
3.37
2.71
4.36
4.77
3.18
1.00
3.98
1.57
3.27
4.05
4.16
3.97
3.65
0.99
5.03
3.10
2.69
1.01
1.19
1.03
2.78
1.19
3.09
1.57
1.40
2.97
3.82
1.03
4.50
1.05
2.34
3.33
2.71
2.28
1.08
1.61
1.07
4.48
2.67
4.11
2.96
4.87
1.82
4.16
1.01
1.01
4.40
4.12
1.07
2.33
2.48
4.54
2.89
1.24
4.79
3.49
4.42
4.30
3.47
1.00
4.64
1.86
1.12
2.04
4.01
4.48
3.89
1.01
3.68
2.03
1.84
4.96
1.01
4.15
3.21
0.99
1.82
4.89
1.59
4.53
3.31
4.49
3.68
4.22
4.41
1.36
4.67
1.06
1.24
4.87
3.75
3.86
4.53
1.21
3.55
3.02
3.40
1.66
5.00
1.23
1.56
1.02
2.73
2.34
4.44
1.01
1.77
2.16
2.23
3.72
1.37
2.84
1.00
1.00
2.71
1.01
1.01
3.70
4.57
3.88
1.01
1.01
4.29
2.33
4.55
4.65
1.33
2.44
1.00
2.89
2.82
4.90
1.83
3.36
5.00
4.01
4.40
1.00
4.89
3.57
2.66
4.47
1.53
3.79
3.24
4.85
1.06
3.71
1.02
4.00
2.30
2.20
4.49
2.93
1.45
4.05
3.89
2.18
3.27
1.03
1.03
1.01
1.16
1.43
4.66
4.57
1.00
1.08
2.23
4.14
1.01
1.03
4.23
4.34
2.17
1.87
3.63
1.01
4.48
2.05
1.16
2.72
0.99
4.63
5.08
4.62
2.86
4.22
3.64
3.30
4.48
4.70
4.21
2.39
4.61
2.43
4.39
1.13
1.00
4.01
3.47
4.13
3.31
2.22
3.97
1.01
2.41
2.37
4.20
2.83
1.97
4.14
1.01
3.65
4.08
4.50
1.71
4.03
1.00
3.95
4.44
3.19
4.31
5.03
1.00
2.62
2.65
5.03
0.99
1.17
1.03
2.31
2.72
0.98
3.02
1.01
3.91
1.00
2.26
1.64
3.52
1.01
4.79
4.25
3.68
2.15
3.29
3.21
2.98
1.00
1.01
3.49
3.97
3.18
1.01
3.37
4.69
2.04
4.77
3.99
2.70
1.00
1.00
1.30
4.91
4.02
4.73
1.00
3.00
4.17
1.01
4.06
3.20
1.09
4.49
4.81
1.04
4.09
4.84
4.10
1.00
1.07
3.28
3.76
1.00
0.99
4.46
1.01
1.26
4.43
3.86
1.01
4.03
1.00
4.02
3.51
1.07
2.58
2.30
4.33
4.02
2.47
4.83
4.85
3.76
4.27
3.56
1.64
3.19
3.60
1.00
3.91
4.56
2.25
3.93
1.05
1.27
3.91
3.86
3.23
1.00
3.99
1.01
4.87
1.68
2.94
3.89
3.59
2.36
4.08
4.54
1.10
1.55
4.35
1.00
1.51
4.59
1.10
0.99
3.75
3.83
0.99
2.97
4.58
4.42
1.01
3.43
5.10
3.47
1.07
4.60
3.65
3.69
2.57
4.98
1.00
3.91
4.28
4.22
4.18
3.67
4.45
1.01
1.07
3.96
3.79
3.69
1.54
2.89
3.48
1.99
3.58
1.50
4.68
2.24
1.00
3.74
2.95
1.96
1.01
1.45
1.05
1.02
1.02
4.73
5.03
1.68
1.08
1.00
4.71
1.93
3.67
3.00
2.18
2.75
1.33
4.81
4.80
1.00
4.23
1.01
1.07
3.53
3.88
0.98
1.72
1.33
4.75
1.01
3.77
1.45
1.46
4.33
1.32
3.52
4.19
4.06
3.63
4.67
2.98
2.77
3.27
4.03
2.23
2.48
4.48
1.58
2.29
1.05
1.20
1.58
1.01
1.00
0.99
1.18
3.04
4.29
4.96
4.19
4.36
1.04
1.26
4.56
1.86
4.37
3.74
4.19
4.65
4.90
1.00
4.87
4.14
3.95
1.00
4.52
4.42
4.05
4.73
4.01
3.46
2.29
1.20
3.80
2.42
2.34
4.88
1.10
4.58
1.02
2.00
4.65
4.45
1.03
1.99
1.00
4.24
3.58
2.64
3.33
1.14
1.00
1.71
1.01
2.61
4.06
4.57
0.99
3.84
4.59
3.71
4.32
1.49
3.83
3.09
4.10
3.51
1.55
1.62
0.99
3.48
1.26
4.59
1.02
3.87
1.75
3.55
4.45
1.41
3.08
2.35
1.23
1.79
1.38
4.60
1.01
3.68
1.00
2.87
1.04
2.10
1.03
2.51
1.00
1.00
3.55
1.11
4.49
4.45
3.63
1.00
3.26
2.77
3.53
3.47
3.73
1.03
5.08
1.63
1.56
2.99
2.60
4.34
3.31
3.62
1.85
1.00
4.77
2.01
4.64
3.11
2.45
4.19
2.74
1.00
1.11
2.92
4.16
0.99
4.32
4.34
4.22
4.57
1.02
1.90
3.02
4.27
1.01
0.98
2.24
0.99
3.63
1.77
3.17
3.09
1.36
4.27
1.13
1.03
2.29
3.60
4.48
1.50
3.25
3.67
3.93
1.00
1.01
1.01
1.00
3.80
1.00
3.45
3.90
4.17
4.22
3.18
3.30
1.24
4.43
1.00
1.59
1.00
0.99
1.58
1.05
3.83
4.21
3.43
1.00
3.88
4.15
1.25
4.22
0.99
1.26
4.08
2.60
3.65
1.04
3.85
2.64
1.00
1.06
1.02
3.84
2.44
4.61
1.06
1.45
1.00
1.00
4.03
2.90
1.02
3.98
2.90
3.26
1.01
4.90
3.98
1.07
3.65
3.65
1.02
1.35
2.06
2.05
1.28
4.19
1.37
2.94
3.41
3.74
1.00
4.16
1.71
5.08
3.28
4.34
3.40
0.99
1.20
4.22
4.47
3.69
2.79
4.72
1.56
3.67
4.42
4.31
0.98
1.76
3.19
1.09
1.01
1.00
1.02
3.00
1.02
4.82
1.72
3.33
1.05
1.00
2.28
1.01
1.00
4.46
1.00
1.00
4.88
2.27
3.81
4.67
2.22
4.22
3.47
4.65
4.46
3.71
4.00
3.62
1.11
2.23
1.01
3.40
1.01
4.62
1.93
1.10
1.00
4.67
3.80
3.47
1.01
1.02
2.98
4.99
1.33
1.01
4.50
3.36
2.53
2.42
4.30
3.77
1.91
5.12
4.95
4.70
4.20
4.15
2.42
1.13
0.98
4.01
1.00
1.69
3.53
2.90
4.30
1.06
2.94
4.43
1.00
4.44
1.00
3.71
0.99
1.01
3.68
1.28
2.47
0.98
1.42
2.31
3.98
4.19
3.87
2.41
1.45
2.52
3.24
2.15
4.61
4.54
4.27
4.43
4.60
4.05
1.00
3.41
1.03
1.37
1.28
1.16
4.96
4.76
3.47
1.00
4.91
5.18
2.83
1.33
2.72
4.90
2.01
3.27
3.68
2.24
3.77
3.93
4.03
1.15
1.84
1.00
3.29
4.32
1.00
3.54
1.26
1.00
3.98
4.52
3.59
5.03
4.37
4.00
4.88
1.05
4.31
2.71
4.15
3.90
1.26
4.24
4.36
3.94
3.69
4.48
2.10
3.94
1.06
4.61
2.84
3.05
2.68
1.02
2.93
3.56
4.07
1.00
1.43
2.31
2.51
1.11
1.01
4.73
1.01
0.99
1.94
3.22
1.03
4.49
0.99
1.04
4.15
4.48
4.99
1.75
4.46
2.64
2.38
2.91
3.55
3.13
1.01
4.99
4.63
3.91
3.16
4.85
1.27
4.06
4.11
1.01
4.08
4.23
1.01
3.09
0.99
1.00
2.74
1.13
3.69
4.74
3.88
1.06
3.34
4.62
3.88
1.01
1.00
3.62
1.83
4.90
3.40
3.08
2.85
2.86
2.10
1.22
1.89
4.99
3.10
2.77
1.16
1.00
1.06
4.89
1.00
4.40
1.00
2.18
3.13
3.18
1.04
1.01
1.35
3.08
1.01
4.27
3.13
1.00
2.64
0.99
1.00
2.03
2.50
4.57
2.16
2.44
4.16
1.05
1.01
1.01
1.02
1.61
4.22
3.48
1.00
5.05
4.23
1.01
1.01
3.37
1.04
4.97
3.30
2.93
1.13
3.92
3.91
3.92
4.41
4.68
3.60
3.40
1.03
1.01
4.51
1.84
1.52
1.46
2.94
1.80
2.72
1.01
4.51
2.83
4.03
3.16
2.68
3.48
1.95
5.12
2.91
3.79
1.91
3.09
4.36
2.71
2.42
4.23
2.94
3.94
2.72
1.08
1.00
1.00
2.99
2.19
1.00
2.30
2.68
4.43
4.82
1.01
4.70
1.01
1.87
3.89
4.21
1.05
3.90
2.55
4.71
4.06
2.24
4.45
5.02
2.88
4.49
1.00
3.25
1.00
1.07
1.01
1.01
1.87
3.54
1.62
1.28
3.03
2.89
3.68
4.80
3.74
4.63
1.00
3.31
4.01
2.70
2.21
1.14
4.50
4.63
1.07
0.98
2.80
1.00
0.98
1.29
1.06
4.20
4.04
1.00
4.04
2.43
3.28
2.98
1.23
4.50
2.08
2.77
3.50
1.05
4.70
1.04
3.49
1.08
3.94
4.45
3.80
1.11
5.01
4.62
1.57
1.01
1.90
4.34
2.82
4.66
2.90
1.72
2.37
1.05
3.84
3.16
5.24
1.12
3.12
1.18
3.38
4.21
3.57
3.21
1.05
3.74
1.37
3.94
1.75
1.00
3.91
4.68
1.00
5.06
1.02
3.67
1.40
1.00
1.09
4.13
4.71
1.00
1.89
1.70
1.00
2.52
3.64
1.94
1.01
1.25
4.02
3.66
2.76
2.74
3.87
4.00
0.99
2.55
3.70
1.20
2.13
4.31
4.63
1.10
1.26
3.21
3.77
0.99
3.43
2.56
4.40
4.00
4.86
1.93
1.02
1.21
4.44
4.47
4.62
1.06
1.01
1.01
3.18
4.63
3.95
4.33
1.01
4.20
1.17
3.41
0.99
3.69
2.90
2.85
3.69
3.70
1.02
3.69
2.60
1.00
1.05
2.68
1.01
4.06
2.88
3.43
1.00
1.00
4.10
4.35
1.03
1.01
0.99
0.99
4.43
3.35
0.99
3.47
3.69
1.00
3.75
3.98
3.24
1.93
3.16
1.02
4.98
3.93
1.18
1.06
5.03
4.32
4.64
3.47
1.00
1.25
3.79
4.82
3.63
1.00
3.61
4.93
1.03
2.80
1.62
1.00
2.14
1.01
1.13
3.34
1.01
4.62
3.63
0.99
5.03
2.82
1.00
1.00
3.68
1.28
4.70
1.00
1.63
3.40
1.01
4.67
1.01
4.23
4.44
1.42
1.04
1.34
3.88
1.00
4.13
3.95
4.24
4.87
1.01
3.17
1.02
1.51
4.20
2.80
1.00
1.01
1.13
1.40
4.14
1.41
3.99
1.04
4.28
4.47
3.46
4.90
2.92
3.77
1.01
1.40
3.83
3.85
1.00
3.23
1.01
4.37
3.86
2.71
4.42
1.00
1.00
4.91
4.56
1.00
1.75
4.04
1.35
3.70
4.91
2.01
3.22
3.97
2.34
1.91
3.77
3.27
4.01
2.76
3.43
1.00
3.29
3.58
5.13
1.44
1.78
2.29
1.37
2.26
3.67
3.70
1.01
1.00
2.91
4.08
1.62
4.28
4.12
5.00
1.85
3.58
0.99
4.57
1.60
3.11
3.02
1.98
3.33
1.02
4.24
4.75
4.95
1.01
2.16
2.99
2.98
1.18
2.84
4.78
2.58
4.74
3.58
1.10
1.07
4.51
1.09
2.57
3.68
4.47
4.80
2.67
1.01
0.99
1.02
1.00
1.93
1.01
3.25
4.97
2.42
4.90
4.12
2.80
3.48
1.07
4.60
3.74
1.70
2.10
1.00
1.71
4.45
1.00
3.71
3.64
4.60
5.00
1.00
3.85
1.01
3.37
4.61
4.34
3.27
1.01
2.89
1.00
1.02
3.71
3.05
1.02
4.49
3.25
1.65
4.13
3.51
1.98
4.03
4.26
3.18
4.26
4.68
1.00
3.40
4.04
1.52
2.34
3.50
3.49
2.07
4.00
2.88
2.44
4.22
1.89
4.39
4.83
1.02
3.17
4.63
1.62
1.00
3.04
1.01
2.22
2.15
4.44
2.29
1.04
3.91
4.83
1.28
4.19
1.01
3.54
4.60
4.51
3.63
2.86
1.00
3.35
4.06
1.00
2.61
5.27
2.95
0.99
1.00
2.90
1.02
4.39
1.11
4.52
4.46
3.89
3.54
2.05
4.97
1.00
4.60
0.99
4.49
3.97
2.93
4.29
1.00
1.03
4.10
1.92
1.01
1.42
2.77
4.84
1.16
1.04
3.95
3.65
3.88
1.87
2.70
4.68
4.31
3.41
1.64
4.03
4.26
4.52
1.98
2.63
4.36
1.04
4.17
0.97
1.42
1.01
1.11
2.36
1.00
1.59
2.34
1.90
1.00
1.78
5.22
4.07
2.60
3.06
4.38
4.74
4.18
4.28
4.11
4.82
2.14
4.78
3.85
1.02
3.65
3.84
3.65
0.99
2.45
1.01
5.08
1.03
1.48
0.99
1.71
4.48
3.43
1.02
1.00
2.10
1.01
4.04
2.73
2.91
4.72
3.80
3.78
3.07
3.11
1.20
3.94
4.61
2.30
4.35
3.08
4.30
1.94
1.08
4.59
3.21
1.15
1.63
1.98
1.01
1.04
1.00
1.56
3.85
1.40
3.92
1.01
4.32
1.00
3.92
3.78
4.74
1.02
4.42
2.40
3.54
3.02
1.08
3.40
1.02
3.33
1.01
1.00
2.60
5.20
1.96
2.56
1.02
4.03
4.86
4.10
2.37
1.00
2.49
2.87
1.00
1.08
3.12
2.94
4.90
3.17
1.00
3.86
3.67
1.00
1.43
1.06
0.99
1.01
1.00
1.31
2.62
4.43
3.16
2.85
4.98
4.17
1.01
3.00
0.99
4.61
1.02
4.79
1.55
1.05
3.96
2.83
4.18
4.05
3.53
1.03
2.57
3.31
3.95
1.09
4.68
3.99
1.97
1.02
3.90
1.00
1.00
4.44
1.91
1.02
4.16
1.05
2.27
3.48
3.27
4.32
4.00
3.72
4.70
3.89
1.72
4.24
1.01
1.00
2.56
1.51
4.88
4.91
1.00
1.76
2.18
3.84
4.96
3.48
3.69
2.67
3.58
2.63
3.59
2.49
4.43
4.31
1.09
1.27
4.57
4.04
1.20
4.08
2.05
1.12
3.52
1.01
0.99
4.24
3.94
1.49
1.00
0.98
1.00
1.00
3.99
3.03
3.72
4.67
4.14
3.41
4.83
4.54
1.00
1.05
1.01
4.75
2.95
3.60
4.00
3.43
1.26
3.99
4.99
1.12
1.29
1.26
4.06
3.19
1.56
1.00
4.90
4.72
4.56
3.60
4.55
4.69
4.12
4.21
4.42
4.17
4.36
3.99
1.00
1.19
4.20
4.76
2.94
3.80
4.38
4.64
2.30
4.70
1.00
1.04
4.02
3.12
1.56
4.54
2.91
1.90
4.48
1.00
4.18
1.71
2.26
3.66
3.83
1.00
4.18
0.99
1.24
4.14
3.57
1.38
1.07
3.77
1.75
3.01
3.31
4.16
1.03
3.66
4.10
2.67
2.09
3.97
3.28
1.02
1.00
1.00
4.11
3.49
1.00
4.34
4.99
4.10
2.51
1.01
4.90
5.10
1.01
2.21
3.98
5.08
1.20
2.89
1.00
1.13
1.08
2.60
3.57
4.46
4.78
4.31
3.66
1.01
1.01
2.55
3.37
3.74
4.47
4.30
4.69
3.05
3.46
1.63
3.94
4.71
3.39
2.73
4.46
4.47
3.76
4.54
1.16
2.87
1.62
0.98
1.00
4.67
1.01
3.90
4.27
1.44
2.92
4.17
4.50
2.88
1.05
1.21
2.42
4.71
1.00
2.33
5.01
3.40
3.82
1.01
1.02
4.12
3.99
5.14
1.61
3.87
1.32
3.66
4.07
2.50
4.82
4.11
3.50
0.98
4.40
1.00
3.29
3.76
1.08
3.84
3.80
3.61
4.63
1.37
1.95
2.46
3.51
3.62
1.67
2.88
1.01
1.01
1.01
1.00
1.02
3.56
3.91
1.06
4.19
2.01
2.76
3.79
4.74
1.11
3.07
2.89
2.82
4.89
4.12
1.28
1.00
2.97
5.06
3.17
4.72
1.00
1.15
0.99
3.44
0.99
3.57
1.01
3.72
3.99
2.47
1.03
1.01
0.99
1.01
1.00
2.41
4.97
4.26
1.16
4.22
4.92
1.00
1.00
1.05
2.30
2.79
3.63
3.83
3.89
1.00
4.56
3.63
1.00
2.77
1.11
1.00
1.01
3.94
4.12
1.01
3.71
4.67
4.84
3.49
3.06
1.01
3.37
3.94
4.80
3.75
4.33
4.54
2.71
3.63
1.99
1.99
4.27
3.68
1.00
1.48
3.12
0.98
4.28
1.91
4.54
1.09
0.99
5.16
4.11
4.32
2.00
4.47
1.79
0.99
4.20
1.64
3.59
4.20
2.21
1.54
4.64
1.00
4.39
1.01
1.01
2.01
3.50
2.42
3.66
3.62
4.24
2.21
1.00
1.02
1.03
3.51
1.03
4.09
2.34
4.88
2.16
1.23
4.31
4.84
4.06
3.91
4.10
4.53
4.09
1.01
4.19
2.05
3.16
2.95
3.28
4.00
3.76
3.75
1.00
1.98
4.15
3.51
4.32
2.69
1.02
1.53
1.34
1.84
1.93
4.02
1.00
3.43
1.11
3.15
3.79
4.18
0.99
1.02
4.88
2.58
1.00
3.48
4.19
4.47
0.97
2.16
2.17
1.24
3.21
3.44
4.05
1.00
1.00
3.62
4.85
0.97
1.86
4.16
2.18
1.02
4.98
3.83
3.77
4.10
1.01
4.74
1.01
1.66
2.96
1.19
2.98
1.00
2.95
4.80
4.56
1.24
2.73
3.34
2.61
1.31
4.10
4.45
4.01
4.31
1.23
4.28
2.77
3.18
1.00
4.24
4.15
1.00
2.72
3.91
4.71
2.37
1.11
0.98
4.35
1.01
1.08
1.25
3.95
3.60
2.01
4.66
2.46
4.62
1.02
4.40
0.99
2.44
4.50
1.75
4.56
1.00
2.50
4.87
4.27
1.00
1.68
0.99
4.41
3.63
2.31
1.01
4.37
1.00
4.18
4.17
2.23
1.00
4.23
1.39
4.48
2.07
5.03
3.17
1.01
4.20
4.40
4.03
1.03
1.01
2.21
4.71
2.48
4.80
1.01
2.78
1.55
1.45
4.27
2.16
4.40
1.00
2.85
1.00
1.36
1.37
1.48
1.78
2.47
3.73
2.82
2.80
4.42
2.12
4.71
3.11
1.01
5.01
2.08
3.28
1.00
1.52
2.05
1.01
1.02
1.16
4.80
3.03
3.87
4.32
3.81
3.62
3.25
2.27
4.73
1.90
1.05
4.28
2.90
3.71
1.00
1.00
2.45
1.00
3.82
2.02
4.03
1.39
1.09
4.27
1.01
4.54
3.04
2.31
3.81
1.03
1.01
1.04
3.75
1.00
4.55
1.05
1.31
0.99
1.01
4.39
1.02
2.62
1.39
2.35
4.35
1.00
1.01
3.22
3.44
4.07
1.00
1.27
1.44
4.72
3.08
3.27
1.00
4.37
2.26
1.18
1.01
4.05
4.43
4.83
3.93
3.51
1.71
4.86
3.18
3.00
4.88
2.29
5.07
1.01
2.78
3.81
1.55
4.30
3.56
3.72
1.18
1.01
0.99
4.48
3.66
4.30
1.39
2.40
4.91
4.39
1.01
4.71
5.27
1.01
1.12
2.20
0.99
2.74
1.01
4.57
3.37
4.87
4.62
4.16
1.55
2.25
1.16
4.39
1.00
3.61
4.03
2.53
1.01
3.64
1.01
4.13
1.00
3.87
1.01
1.18
3.71
1.85
4.87
3.48
1.00
1.79
1.01
1.01
4.09
1.33
1.98
3.58
4.31
1.01
4.32
2.42
2.42
1.00
3.94
1.04
3.91
4.12
2.29
0.99
4.05
3.23
4.19
1.98
3.97
4.13
2.95
1.00
1.00
1.19
1.52
4.38
2.63
1.74
3.21
2.92
3.70
3.69
2.21
1.00
4.65
3.22
3.30
1.00
2.77
2.43
3.06
4.26
3.86
1.01
1.00
3.79
1.94
1.37
1.03
1.96
3.33
1.03
2.63
4.38
4.74
3.01
1.08
1.11
4.88
1.42
0.99
4.68
2.98
1.54
1.00
3.98
1.00
1.05
1.01
4.17
1.24
2.91
2.90
1.02
3.36
3.89
4.63
1.90
3.91
4.02
2.31
4.96
1.41
1.01
1.43
3.12
3.88
2.59
3.04
1.04
1.05
3.61
2.99
1.01
4.82
0.99
2.94
3.54
2.09
1.00
4.78
3.43
4.64
4.68
1.17
2.42
1.01
4.18
1.02
3.93
1.00
4.51
2.44
4.80
4.04
1.01
3.13
2.66
2.06
4.14
1.00
4.67
4.00
4.70
1.02
3.67
3.25
1.63
3.52
1.87
1.29
3.77
2.22
1.00
4.42
1.02
1.00
4.80
4.49
3.72
4.37
4.72
3.79
3.98
2.50
1.00
1.00
1.00
4.63
2.56
4.93
4.18
1.05
1.50
4.66
4.30
1.51
1.01
3.19
1.01
4.88
2.61
4.86
2.98
4.35
3.38
4.67
2.81
2.84
3.43
1.32
4.70
2.58
1.33
1.09
1.02
3.87
2.50
2.21
4.53
1.90
1.59
4.56
4.33
4.53
2.59
5.09
1.66
4.84
1.03
1.00
4.37
1.09
1.53
3.52
1.88
4.33
1.10
1.01
1.01
4.03
3.87
3.08
1.00
4.71
1.00
3.59
3.99
4.01
4.19
3.45
2.17
1.00
5.06
3.80
1.74
3.61
1.12
3.97
3.88
1.12
4.65
4.38
3.60
2.64
4.34
1.03
3.53
0.99
1.01
5.01
1.86
1.07
2.77
2.14
1.01
4.08
2.37
2.47
1.14
2.39
1.40
3.01
2.96
1.00
1.02
4.18
1.01
3.14
1.27
1.00
3.13
1.65
1.95
2.89
1.39
1.99
4.58
1.61
1.05
2.05
2.98
4.05
4.30
4.20
3.90
1.39
1.02
4.02
1.07
1.00
0.98
4.75
4.78
3.00
3.74
1.16
4.17
5.00
4.73
2.10
1.01
3.76
1.96
2.57
2.94
4.26
3.14
3.14
1.40
0.99
4.52
4.47
3.50
1.01
1.18
4.90
1.81
3.31
0.99
4.77
1.01
4.73
1.02
3.80
3.49
1.58
4.52
1.39
1.01
3.37
4.59
4.15
1.59
1.96
2.52
2.25
1.04
3.57
3.38
4.07
4.20
1.02
2.76
4.71
3.25
1.54
1.00
1.19
4.65
1.01
2.47
2.51
3.93
1.03
1.64
1.00
1.88
4.48
3.97
1.38
2.72
4.96
3.89
1.01
4.87
3.88
3.42
4.91
1.26
3.75
1.01
1.03
3.64
2.87
4.69
2.66
4.02
1.07
1.27
4.17
4.13
3.16
1.07
3.55
4.11
1.08
1.57
2.85
0.99
1.37
1.90
3.40
2.21
2.81
4.54
4.80
3.00
4.56
4.68
1.01
3.80
1.01
3.65
3.51
2.73
3.59
4.48
1.85
1.36
3.57
1.01
3.77
1.05
4.00
3.63
1.01
1.01
1.00
1.42
1.00
3.53
1.49
2.25
0.97
1.65
4.93
1.02
1.04
4.81
1.80
4.68
0.99
1.32
4.71
1.00
1.01
1.46
4.26
3.84
1.00
3.83
0.99
2.83
4.63
1.01
4.38
5.24
4.24
4.63
1.02
4.59
4.76
1.06
3.86
1.80
3.82
1.38
3.05
3.79
2.53
4.39
1.05
1.01
2.17
3.92
2.76
2.02
4.80
1.07
1.01
2.52
3.97
4.84
3.55
1.38
1.00
4.64
3.21
3.09
3.18
2.85
4.32
2.63
1.00
3.10
4.08
3.27
4.45
3.88
1.06
2.30
1.00
1.05
3.04
1.81
3.51
4.90
4.58
4.98
4.29
1.63
1.00
1.06
1.06
1.62
4.59
4.72
4.49
2.31
3.88
4.57
2.52
0.99
4.84
1.57
4.32
1.05
1.04
1.33
2.88
2.22
0.99
2.83
2.88
2.57
4.51
4.78
3.03
1.01
1.68
4.21
2.26
1.00
1.02
4.80
3.48
3.37
1.77
1.96
1.18
5.16
1.00
1.02
2.61
3.61
1.01
1.48
3.64
1.00
3.42
4.05
1.00
4.76
1.32
4.21
1.01
2.94
1.25
4.49
0.99
3.45
3.44
3.85
3.02
3.40
4.19
1.01
2.40
4.19
3.47
1.14
1.82
1.00
3.53
1.52
1.75
1.87
3.78
4.56
3.79
1.00
1.78
3.47
5.01
4.32
4.46
1.90
1.40
4.61
4.05
1.00
1.59
2.47
4.43
3.88
4.10
4.85
4.34
1.29
2.67
3.08
1.83
4.35
2.97
2.28
4.22
2.69
1.01
2.24
2.78
4.24
1.00
4.64
4.07
4.62
4.92
1.03
4.96
1.00
1.82
2.21
3.34
2.11
2.25
2.41
3.72
1.02
1.00
4.48
5.16
3.40
3.56
4.34
4.75
1.00
4.46
4.28
4.41
4.96
4.05
1.07
4.57
1.57
3.60
4.64
1.13
3.70
1.05
0.99
4.59
1.75
3.92
1.68
1.00
2.26
3.92
4.86
4.36
4.11
2.33
4.68
4.91
1.00
3.45
4.93
4.32
2.42
2.81
4.66
3.75
4.48
3.66
3.41
3.52
4.33
1.61
3.90
4.44
1.95
2.32
3.19
1.00
3.79
3.63
4.99
2.03
1.03
4.40
1.97
1.00
2.60
1.02
4.86
3.69
4.98
5.05
3.64
5.12
1.03
4.15
3.97
3.19
3.63
1.01
4.19
1.00
3.25
3.63
3.08
3.18
4.57
1.72
1.00
1.33
3.73
0.98
4.58
2.82
1.01
3.33
4.57
2.61
4.13
1.22
1.11
4.77
1.00
2.93
3.71
4.38
4.14
2.52
4.51
4.60
4.24
5.03
1.38
1.43
4.76
1.01
3.65
4.71
1.04
1.00
1.23
1.00
1.28
4.28
1.50
4.26
4.67
1.14
3.71
2.22
3.24
3.47
2.69
3.47
3.47
3.88
1.00
0.99
4.22
3.27
2.44
0.98
4.22
3.45
4.58
4.29
1.00
1.79
3.82
1.84
1.89
0.99
1.00
4.98
1.74
4.64
4.41
4.31
1.01
1.02
4.54
2.84
4.18
4.33
4.43
3.60
1.74
4.53
4.16
1.01
4.26
0.99
4.28
2.22
1.01
2.36
1.00
1.00
3.65
3.64
1.01
4.48
1.00
4.46
2.45
4.25
1.13
1.00
0.99
4.07
4.00
4.71
4.55
3.39
1.00
3.45
1.00
1.30
3.76
3.71
3.84
3.11
3.50
1.08
1.00
1.01
3.00
2.43
4.10
1.69
3.53
4.29
1.02
1.47
3.40
1.50
2.13
3.46
1.02
3.01
3.91
3.94
4.13
3.39
4.09
3.62
3.66
4.13
4.81
2.84
4.68
1.88
4.86
2.67
1.10
1.00
3.52
4.74
1.57
4.82
3.89
1.58
3.94
1.57
1.01
1.00
1.22
4.29
1.02
4.75
2.92
3.61
1.00
3.42
4.22
4.52
1.01
4.76
2.75
3.13
2.08
4.06
4.75
4.83
1.00
4.50
1.96
4.58
2.63
3.79
1.02
1.28
3.64
1.01
4.86
4.09
4.19
3.44
1.01
1.00
3.89
1.01
2.61
3.25
4.15
1.62
3.98
2.59
3.80
4.50
1.65
5.11
1.42
4.85
1.60
4.02
3.36
4.35
2.24
2.27
1.78
1.02
1.54
3.43
1.02
3.11
1.00
0.99
4.43
4.33
3.95
2.70
1.12
2.56
2.51
2.72
1.01
3.42
3.92
1.11
5.00
3.53
3.86
1.02
3.59
4.66
3.48
3.85
4.12
2.67
1.03
2.91
3.19
1.02
1.11
1.13
2.95
3.47
1.00
4.13
4.29
4.82
1.01
1.04
3.22
2.01
1.17
3.16
0.99
4.31
1.00
4.73
3.80
4.36
1.95
3.80
4.11
1.00
1.01
4.20
4.58
3.81
4.59
2.80
4.43
1.00
3.23
3.03
2.50
4.76
1.00
1.01
1.00
3.94
4.51
3.00
3.85
1.13
4.24
4.07
4.45
1.56
4.47
3.92
3.51
4.09
3.91
2.50
2.68
1.11
1.45
3.51
4.64
4.29
1.07
4.77
1.50
4.49
2.98
3.44
1.63
5.17
4.71
3.04
3.27
4.49
1.00
4.88
4.67
1.00
3.86
1.21
2.09
4.13
3.46
4.46
2.26
1.47
4.71
4.63
4.43
1.03
3.40
2.23
4.40
1.25
1.94
1.03
3.61
2.41
1.69
4.38
4.11
2.33
1.77
1.03
4.14
3.33
2.57
1.01
1.89
4.50
3.70
4.43
1.07
2.97
1.47
2.98
1.00
1.02
3.13
1.01
1.27
2.89
1.01
5.05
1.68
4.62
4.59
3.15
1.00
1.02
2.68
4.31
4.60
3.55
2.10
1.01
2.99
4.04
1.04
4.24
1.00
2.70
1.00
3.85
2.76
1.06
1.00
1.18
4.96
4.43
1.07
4.34
4.11
4.41
3.42
2.97
2.21
1.00
4.33
1.02
3.34
3.14
3.98
3.35
1.05
2.04
2.31
1.27
3.95
2.25
3.98
1.00
1.25
2.21
3.39
2.89
4.00
4.93
3.89
2.06
1.02
4.50
4.10
3.88
2.61
4.14
1.00
2.24
1.00
4.31
4.02
1.01
4.33
1.05
1.90
4.23
4.81
2.76
1.04
3.95
4.98
4.44
0.99
1.31
2.03
2.78
3.95
1.00
4.41
3.31
3.62
4.71
3.40
2.49
4.86
2.46
1.02
1.07
5.11
1.01
1.03
1.02
3.10
2.89
2.76
3.60
1.99
4.52
1.50
3.97
3.68
1.04
1.86
1.00
2.70
4.56
5.01
3.23
1.66
3.02
4.69
0.99
4.71
2.39
4.62
3.29
4.49
1.34
3.91
3.70
3.68
1.03
4.38
1.61
1.01
4.90
3.90
3.60
1.10
2.29
3.10
4.06
4.13
2.35
1.01
3.39
0.99
2.87
4.38
0.99
1.04
1.00
3.90
1.87
3.91
1.90
1.01
4.14
4.48
4.55
4.44
3.76
1.01
3.24
4.41
4.61
2.72
3.84
4.53
1.00
1.60
1.61
4.80
1.79
1.17
2.80
1.01
1.61
3.94
3.52
4.98
4.45
1.76
3.52
3.77
1.02
2.04
1.12
4.55
2.92
1.00
4.84
1.01
2.25
4.17
3.82
4.35
1.38
4.74
2.88
4.08
3.92
1.02
1.01
1.61
1.01
2.91
4.93
1.00
4.32
4.23
4.66
1.29
3.31
1.44
4.86
1.00
1.02
4.49
4.19
4.07
3.13
0.97
1.42
4.24
1.01
1.41
1.01
1.00
1.00
3.54
1.43
2.96
1.28
3.95
0.99
3.02
2.54
1.17
1.01
3.28
2.18
4.31
3.69
0.99
3.81
4.80
2.39
4.97
4.42
1.11
2.73
3.58
1.04
2.88
3.69
2.06
1.12
1.00
1.13
3.99
3.89
3.05
2.54
3.75
1.01
3.88
1.01
3.25
4.04
3.05
4.04
4.13
2.81
1.01
1.00
1.28
3.43
4.54
0.98
2.95
1.00
1.76
4.46
3.32
2.89
1.01
4.14
1.19
3.17
5.00
4.16
1.66
1.01
4.64
3.34
1.00
1.15
1.01
2.19
3.37
1.40
4.84
1.89
3.36
3.58
2.95
3.81
4.80
1.00
2.93
2.63
1.00
1.03
4.48
4.51
3.82
1.00
2.42
1.04
1.98
1.04
4.48
2.89
1.10
1.01
1.93
2.34
3.12
3.81
1.23
1.55
4.56
1.35
4.23
1.00
2.19
4.00
1.00
3.67
1.35
2.81
2.96
4.98
4.90
2.91
2.98
4.47
2.24
3.92
1.93
2.90
4.65
2.14
3.74
1.32
4.64
4.01
4.13
1.00
1.12
1.02
4.61
1.03
4.39
3.38
1.26
2.98
3.90
1.04
1.05
4.58
3.31
1.50
4.07
3.42
4.18
2.67
1.88
2.77
3.40
1.01
1.00
4.52
2.10
4.96
3.98
1.15
2.28
1.08
3.61
1.31
5.07
3.23
4.83
2.26
1.09
1.32
4.62
1.01
3.65
3.79
1.10
1.16
1.03
2.41
4.37
4.24
2.22
1.00
3.93
4.08
1.01
4.07
1.06
4.84
3.59
2.73
3.69
1.01
4.05
3.89
4.93
3.47
1.01
1.02
1.39
4.07
4.55
3.65
1.38
4.30
3.50
3.20
1.02
0.99
3.87
3.79
1.03
1.29
1.99
4.94
4.07
1.06
1.07
2.90
2.33
3.17
1.01
1.49
4.16
4.14
2.88
5.10
4.83
1.50
3.17
3.88
4.37
3.37
1.01
3.83
4.73
1.46
3.13
1.03
3.28
1.41
4.80
2.92
3.07
4.44
4.26
3.60
1.65
1.22
1.00
1.00
1.66
1.01
1.39
1.08
1.00
4.61
4.16
1.02
3.78
1.00
4.17
1.00
2.74
1.01
1.00
3.42
4.16
2.95
2.25
1.03
4.80
4.86
1.11
3.77
4.34
5.31
2.87
2.71
1.57
1.00
3.94
1.26
3.47
1.88
4.23
4.53
4.76
4.36
3.96
4.57
1.03
4.62
1.00
4.03
1.79
2.80
1.02
1.02
4.08
4.16
4.77
2.90
4.36
4.03
3.13
1.18
3.93
2.14
4.21
2.41
0.97
1.21
2.37
4.71
2.00
1.00
1.97
1.60
5.09
4.80
4.59
2.99
1.07
1.67
2.57
2.98
4.50
1.00
3.12
4.59
5.01
4.47
4.30
1.01
1.01
1.74
1.00
4.06
1.03
2.32
4.08
1.94
4.03
1.64
0.99
1.00
4.21
1.56
1.00
4.76
2.79
2.01
3.37
4.85
4.13
2.89
1.04
2.14
4.52
4.90
0.99
3.77
4.50
3.72
2.77
4.48
1.00
1.00
4.31
1.26
1.02
4.04
4.49
4.66
3.56
3.58
3.57
3.31
4.34
4.14
3.87
4.80
1.00
2.30
4.08
2.93
2.70
1.91
3.46
3.23
1.04
3.23
3.63
3.53
3.17
4.58
3.61
1.28
1.09
4.64
1.14
3.91
4.17
1.13
2.65
3.69
1.13
3.12
3.53
1.48
1.03
1.01
1.58
1.16
4.46
2.43
2.78
3.45
1.10
1.34
1.66
3.19
3.18
1.77
1.00
3.16
4.21
1.00
1.03
4.32
1.70
2.25
2.96
4.95
4.23
3.50
4.66
4.24
3.07
3.89
1.00
3.01
4.27
3.11
1.04
1.27
2.98
4.19
1.00
1.76
5.09
4.23
3.49
2.90
1.00
1.01
2.47
2.04
1.01
3.27
3.54
3.87
1.01
4.98
4.74
3.42
3.62
3.98
1.39
1.02
4.48
1.06
1.21
2.23
2.34
3.56
4.81
3.31
1.14
1.00
1.03
4.12
4.62
1.96
0.99
4.65
1.04
1.00
1.05
3.32
3.30
4.06
4.25
3.56
2.58
3.83
2.53
1.01
1.00
4.52
2.91
1.03
1.03
4.65
3.88
3.80
1.04
5.11
2.58
4.08
4.85
1.85
2.67
4.92
4.11
1.58
4.48
3.75
3.38
3.35
4.64
3.56
4.59
3.55
1.14
4.28
2.79
4.60
3.37
2.98
1.00
1.40
3.63
4.87
4.06
3.47
1.01
3.69
1.02
2.58
3.80
3.98
4.78
1.05
4.71
3.62
2.32
1.01
2.43
1.06
4.43
1.03
4.26
4.04
4.00
4.84
2.89
1.02
1.02
4.57
4.62
3.55
1.01
4.21
4.75
3.45
2.97
3.79
4.04
4.75
1.26
4.56
1.83
3.12
3.54
1.01
1.19
0.99
3.34
2.47
2.53
2.22
4.32
1.07
3.57
4.02
2.10
1.01
3.31
1.01
4.88
1.64
3.57
1.01
1.08
2.67
2.89
4.33
4.15
1.25
2.91
1.00
1.07
2.68
1.38
2.66
1.57
4.12
3.04
2.40
2.24
3.00
4.43
3.04
1.16
4.67
3.90
1.01
1.20
4.17
3.93
1.09
2.37
1.17
1.02
4.05
1.38
4.78
3.51
3.89
2.98
1.01
3.71
2.53
3.78
1.01
4.27
4.42
4.82
2.98
4.43
1.26
2.32
1.08
4.17
1.09
4.04
4.65
4.79
4.44
4.58
2.92
4.82
1.87
1.73
4.04
2.84
1.00
3.41
4.59
4.67
3.48
0.99
4.43
2.10
4.14
1.91
3.94
3.79
2.13
2.83
2.44
2.91
1.00
2.52
4.27
1.69
2.92
4.62
1.24
1.00
5.00
4.78
3.86
5.06
4.44
4.54
3.07
1.01
1.01
1.56
4.69
1.01
4.83
4.80
1.13
4.23
0.99
3.41
2.67
3.79
3.65
4.21
3.95
1.99
3.64
1.26
3.95
1.00
1.39
4.18
3.12
4.34
1.03
1.16
2.78
1.00
1.05
4.52
4.33
3.19
1.03
1.54
4.26
4.39
3.90
1.56
3.84
4.40
4.16
1.24
3.08
1.00
4.04
3.39
1.01
2.78
4.43
3.66
1.77
1.03
4.38
4.35
2.13
4.08
2.26
1.14
1.02
1.01
3.88
4.05
3.59
4.12
4.24
3.11
1.01
1.36
2.25
1.53
4.78
1.31
4.82
1.35
1.05
4.37
3.30
1.29
3.92
3.76
4.73
3.23
4.67
1.02
5.07
2.07
3.11
1.93
4.92
3.67
2.89
2.97
4.95
4.27
4.28
2.95
3.73
1.71
2.84
4.72
5.03
3.34
1.54
2.04
3.98
3.80
1.90
1.01
1.04
1.07
2.12
1.73
2.99
1.95
1.38
1.93
1.04
1.05
1.00
4.41
2.08
4.50
4.61
4.30
3.72
3.98
3.18
1.01
1.10
2.32
3.72
4.16
4.14
1.57
1.05
4.85
1.01
1.40
4.43
1.06
1.05
4.65
2.99
1.98
0.97
4.28
1.82
2.09
3.37
4.58
3.71
2.33
1.42
1.05
4.60
4.18
3.30
3.85
2.98
3.94
2.49
1.00
4.57
4.64
1.00
4.16
2.50
4.35
1.94
3.18
4.39
3.46
1.33
4.19
4.32
4.42
1.78
1.00
3.66
2.27
3.82
3.65
3.60
3.23
2.22
2.75
4.14
1.12
1.00
4.50
3.68
2.74
1.03
4.27
1.00
4.22
4.29
4.16
4.28
3.78
2.07
2.59
3.56
4.74
3.57
4.14
1.00
3.05
3.89
0.99
2.42
4.60
3.93
1.28
4.66
1.30
4.24
1.01
4.18
1.01
3.69
3.36
3.76
3.40
1.62
4.35
4.56
3.34
1.43
4.85
2.83
1.00
4.62
4.16
1.08
2.10
1.23
1.01
1.02
2.79
1.54
4.73
2.10
2.95
4.29
3.65
4.36
3.67
4.86
4.33
1.01
1.19
4.83
3.42
4.85
3.14
1.01
4.66
5.14
1.01
3.87
4.86
4.14
3.35
4.14
4.78
2.03
1.01
1.01
2.86
1.00
2.76
3.96
3.23
1.08
1.00
4.34
1.00
4.76
3.10
4.22
2.39
2.94
4.58
1.35
4.28
4.59
2.90
2.85
3.24
1.18
1.46
1.02
3.02
1.47
4.73
1.81
1.45
1.00
4.61
1.01
2.42
4.09
4.87
1.97
1.08
3.99
1.14
3.90
3.98
1.00
3.66
1.65
4.44
3.89
3.58
1.11
1.83
1.01
4.14
3.53
4.80
1.01
1.02
2.90
4.14
2.68
4.79
4.57
4.06
1.00
4.24
4.54
3.13
3.06
1.51
1.01
1.01
1.06
4.43
4.20
4.37
3.13
4.95
3.11
4.08
2.36
1.01
3.90
4.56
4.68
3.22
4.01
1.93
1.12
4.45
1.01
1.03
4.21
4.99
2.74
3.05
4.00
2.26
2.38
4.86
4.03
1.00
3.02
5.09
3.79
1.05
1.01
1.11
4.25
1.00
3.28
1.02
1.01
1.38
1.45
3.55
1.00
1.36
3.80
4.56
3.76
3.65
2.25
1.63
4.91
2.50
2.25
1.30
1.10
4.75
4.20
1.02
1.26
3.48
1.58
4.05
4.08
3.76
4.74
2.54
4.01
1.01
1.83
2.89
4.76
4.94
3.35
1.01
4.68
4.09
1.02
5.15
1.03
3.30
4.29
4.48
1.48
2.18
1.77
1.22
4.12
3.19
3.80
4.61
1.96
3.16
4.22
2.59
4.15
2.62
3.73
4.42
4.91
3.03
2.17
3.13
4.77
1.06
1.00
1.93
1.01
1.00
1.10
4.35
3.47
1.62
4.40
2.84
3.67
1.03
4.25
1.02
4.85
4.72
3.99
4.22
1.01
3.32
0.97
1.02
1.02
2.83
4.89
1.00
3.84
1.54
3.82
4.88
1.00
3.33
1.00
4.45
2.14
3.44
2.36
4.91
4.08
4.67
4.16
2.20
3.71
1.64
3.69
1.31
3.22
1.78
3.37
1.00
3.52
1.05
1.00
2.57
4.71
2.60
4.96
3.53
4.24
4.43
1.19
2.67
2.68
3.71
1.67
1.04
3.84
3.71
3.11
1.11
1.05
1.02
4.20
2.94
3.77
1.00
4.28
1.07
4.17
3.96
4.94
4.50
4.60
3.07
5.10
3.03
1.29
4.44
1.31
1.06
4.32
1.00
4.39
1.06
4.55
3.27
2.22
4.22
4.95
4.27
1.22
3.80
4.87
3.93
3.38
1.68
4.32
3.16
3.48
1.00
3.75
4.40
4.59
2.41
1.81
3.13
4.07
2.74
2.07
3.21
2.22
4.20
4.59
1.00
2.28
1.76
1.00
3.99
1.36
4.36
2.61
0.99
1.04
0.99
1.00
1.01
4.80
2.09
1.01
1.90
4.73
3.38
1.50
1.02
3.48
2.09
1.01
1.04
1.40
1.82
1.37
4.15
3.03
4.05
0.98
1.02
4.39
4.47
5.18
1.80
3.81
2.04
3.26
4.19
1.53
1.06
2.09
2.77
2.84
3.77
2.99
1.00
1.73
1.01
3.04
2.21
2.16
1.85
3.62
4.59
3.75
3.75
1.01
2.55
1.02
4.86
4.70
0.99
3.65
3.68
2.56
2.80
2.86
1.01
1.45
4.58
1.03
4.92
1.99
3.95
3.16
4.89
1.99
5.01
3.89
1.05
0.98
3.93
1.08
2.52
3.38
2.19
4.67
2.28
4.95
4.00
4.58
1.01
2.95
4.86
2.83
3.10
1.03
1.00
1.00
4.65
3.97
1.58
1.06
0.99
1.59
4.77
1.05
3.16
3.61
1.01
1.81
3.67
3.30
4.91
2.70
1.01
1.00
1.23
2.83
3.51
4.02
1.02
2.97
4.71
1.01
3.68
1.01
2.86
1.01
3.89
4.07
1.13
4.33
4.06
4.69
1.10
1.00
1.00
4.15
3.24
1.50
2.05
4.92
0.99
4.59
3.93
3.71
1.01
4.70
3.72
4.44
4.16
4.52
3.21
1.30
1.01
3.70
1.74
3.41
1.00
2.07
4.58
1.99
4.88
2.19
1.01
4.39
3.77
3.96
4.29
4.59
1.14
1.90
1.00
2.82
1.13
3.97
1.32
1.46
4.52
1.00
2.56
2.33
2.98
4.22
3.80
3.89
4.98
4.77
1.54
1.95
1.00
3.61
2.95
1.00
3.05
1.00
3.05
1.00
4.13
1.87
4.56
1.48
2.89
4.10
1.03
0.99
4.15
3.81
2.40
1.08
3.62
3.93
4.56
2.72
3.59
4.42
1.57
4.47
3.68
4.13
1.00
1.02
4.61
3.14
1.00
3.17
1.03
3.58
3.89
4.79
1.02
1.01
1.30
1.04
3.74
1.21
4.77
4.89
1.18
4.07
1.09
4.29
4.97
2.44
3.85
1.01
4.48
1.25
3.27
4.63
1.32
3.81
1.00
4.34
1.01
3.88
3.79
3.47
4.72
4.28
1.01
3.59
3.75
2.60
4.25
4.51
1.00
1.60
4.03
3.31
1.33
1.02
1.65
3.82
1.26
3.01
4.91
3.70
2.63
1.00
3.65
3.67
4.85
1.02
2.05
4.90
3.52
4.64
1.37
2.40
1.04
1.06
1.14
5.00
4.68
1.53
1.09
3.56
5.20
1.05
2.00
3.48
4.37
1.01
3.25
1.09
2.62
1.01
1.49
2.58
4.75
3.88
2.51
1.01
4.48
4.63
3.12
4.43
4.58
3.99
1.00
1.16
1.25
0.99
4.32
1.00
3.75
1.04
2.64
4.10
3.44
4.00
2.05
1.96
1.00
4.03
1.00
4.24
4.69
1.92
1.00
3.18
4.66
4.64
4.28
4.40
4.21
4.96
1.43
4.46
1.32
4.75
3.44
1.01
3.59
1.00
3.12
1.81
4.83
4.15
3.18
1.80
3.69
4.01
1.15
1.26
3.13
4.51
1.02
1.00
3.08
4.72
4.23
4.65
1.00
1.02
3.46
3.95
3.33
2.16
4.03
1.00
1.03
3.80
1.78
4.73
0.99
4.12
2.75
4.05
4.57
4.78
1.01
3.79
3.75
4.95
2.49
4.24
4.93
2.85
1.01
1.01
1.01
2.19
1.07
1.30
3.89
3.92
3.06
4.24
1.44
1.02
0.99
3.09
4.23
3.80
1.60
1.00
1.60
4.35
0.99
1.04
3.64
1.34
1.78
1.00
4.66
1.58
2.26
4.75
1.13
3.63
4.06
2.00
1.01
2.83
3.69
1.57
4.28
1.39
1.48
2.82
4.13
3.27
3.38
1.11
1.02
3.65
1.52
3.22
1.06
3.12
4.06
3.65
4.36
1.57
4.32
4.13
0.98
4.95
1.70
1.01
2.41
3.86
1.34
3.89
1.01
3.70
1.22
4.72
3.55
4.46
2.43
2.71
3.39
3.30
1.03
3.66
2.94
4.12
4.89
3.79
3.72
2.76
3.93
1.20
3.69
4.55
4.43
2.94
1.06
1.04
1.58
4.17
1.00
3.52
3.53
3.51
1.05
1.01
4.00
3.71
4.71
2.32
1.04
1.01
3.93
1.02
5.16
1.03
4.48
1.01
1.66
4.51
2.34
2.16
4.44
4.97
4.15
4.83
4.25
3.38
2.26
1.03
3.21
3.94
3.41
2.03
3.21
1.73
4.21
4.41
1.00
3.09
4.59
2.72
2.27
4.05
2.54
3.92
1.00
2.87
2.80
1.00
3.59
1.13
0.99
1.01
2.78
2.51
3.66
2.93
3.08
3.65
4.63
0.99
1.01
4.25
4.49
2.09
5.18
1.13
0.99
4.71
3.66
2.76
1.06
3.05
3.43
1.02
2.08
2.08
2.77
2.37
3.21
2.23
3.07
3.83
3.71
4.84
3.54
1.88
1.00
3.97
4.37
2.83
4.60
1.01
3.72
3.17
2.91
4.74
4.65
0.99
3.63
2.00
1.01
1.69
4.45
4.09
4.93
1.98
3.11
1.70
2.66
2.27
3.92
3.84
2.99
1.01
4.73
1.10
2.30
3.72
4.32
4.35
2.99
4.90
3.20
1.52
1.43
5.01
4.87
1.00
1.44
1.34
1.07
4.77
1.49
4.24
3.79
1.00
1.00
1.03
4.01
4.75
4.05
4.20
1.95
3.90
5.12
4.12
4.72
5.16
4.05
2.68
1.00
1.26
2.84
3.63
3.19
1.00
2.05
4.01
3.75
3.07
1.02
1.01
2.90
2.79
1.02
4.44
1.12
4.50
3.88
1.30
1.14
1.00
3.72
1.64
3.60
2.95
2.47
3.89
2.92
3.57
5.08
4.20
4.53
1.01
4.20
5.01
4.43
1.18
5.08
3.67
3.95
3.63
2.58
2.85
3.94
3.49
4.95
2.06
1.01
2.94
5.05
2.38
1.01
5.01
3.62
3.75
3.63
4.47
3.81
1.36
